Epoch	AverageEpRet	StdEpRet	MaxEpRet	MinEpRet	AverageEpLen	StdEpLen	MaxEpLen	MinEpLen	AverageVVals	StdVVals	MaxVVals	MinVVals	TotalEnvInteracts	LossPi	LossV	DeltaLossPi	DeltaLossV	Entropy	KL	ClipFrac	StopIter	ShowRet	SJF	F1	Time
0	-1002.8074	2765.3945	-1.0004466	-17162.768	256.0	0.0	256.0	256.0	-0.085511655	0.025960192	0.075491525	-0.16954364	25600	0.0	8652918.0	-0.0010671234	-999886.5	1.6378653	0.0019548528	0.017226562	79.0	-604.2646	580.03986	419.68643	222.67195296287537
1	-819.2997	2279.6292	-1.4259259	-14861.104	256.0	0.0	256.0	256.0	-1010.3691	27.955915	-734.3332	-1076.8649	51200	-1.7881394e-08	5233773.0	-0.0015732067	-1495853.8	1.6989456	0.0016822949	0.013632813	79.0	-422.70624	508.1222	461.81726	466.12679171562195
2	-507.9614	1182.1073	-1.4092538	-8237.651	256.0	0.0	256.0	256.0	-786.03827	977.1087	-255.4776	-5610.29	76800	-1.3411046e-09	1501097.9	-0.0019395796	-465589.38	1.6308838	0.0010025809	0.009101562	79.0	-267.33847	313.96506	283.7728	690.6822564601898
3	-1021.327	1989.7931	-1.1969821	-8605.436	256.0	0.0	256.0	256.0	-639.044	734.01843	-249.04533	-4455.2036	102400	-1.07288365e-08	3083099.0	-0.001419884	-1194166.4	1.7605647	0.0021281948	0.010859375	79.0	-548.2201	570.47845	519.70703	915.1954369544983
4	-830.66	2450.0024	-1.399762	-16930.83	256.0	0.0	256.0	256.0	-880.09644	1506.6378	-3.2454553	-14473.277	128000	-9.23872e-09	2615899.8	-0.001758321	-384752.0	1.5257831	0.0017115256	0.016132813	79.0	-526.5359	492.56763	327.8424	1133.8605244159698
5	-600.0281	1628.5549	-1.0046803	-14723.731	256.0	0.0	256.0	256.0	-662.20624	1417.5342	-19.42952	-15714.679	153600	1.1920929e-09	1012768.5	-0.0019933127	-162636.44	1.5684689	0.0027035507	0.03394531	79.0	-328.9304	364.11133	296.5182	1356.08376288414
6	-430.27795	888.4386	-1.4155111	-5943.445	256.0	0.0	256.0	256.0	-487.3798	853.7818	-26.501728	-11203.753	179200	-4.7683715e-09	418483.3	-0.0017647732	-85110.0	1.535133	0.0016549395	0.00703125	79.0	-202.63663	312.92093	236.69334	1583.990916967392
7	-483.27502	1116.4847	-1.0263366	-8828.091	256.0	0.0	256.0	256.0	-441.86407	831.13403	-67.93515	-9763.415	204800	-4.172325e-09	543631.25	-0.0019142443	-57090.625	1.4961631	0.0012866291	0.01265625	79.0	-225.61745	354.10422	281.2208	1812.1622874736786
8	-553.7854	1162.6337	-1.0046803	-7186.168	256.0	0.0	256.0	256.0	-521.0826	828.74194	-76.31542	-9860.201	230400	-8.940697e-09	648765.8	-0.002736017	-50007.875	1.5607734	0.002524302	0.0259375	79.0	-226.90695	377.27667	337.4799	2043.0818185806274
9	-627.0935	1523.4854	-1.1970642	-12139.375	256.0	0.0	256.0	256.0	-555.3092	968.5118	-67.08529	-10217.998	256000	-4.7683715e-09	1195747.5	-0.0021953895	-274548.25	1.5563557	0.0022282077	0.014570313	79.0	-213.3114	534.11743	428.84625	2272.3447964191437
10	-748.66125	1599.8683	-1.1956993	-11828.0205	256.0	0.0	256.0	256.0	-735.23914	1501.1948	-54.77859	-15132.847	281600	3.1292438e-09	1617517.5	-0.002003656	-404338.5	1.6254814	0.0008511615	0.014921875	79.0	-302.11603	579.2521	502.5034	2511.478258371353
11	-700.188	1251.6312	-1.4102584	-7054.6753	256.0	0.0	256.0	256.0	-759.5407	1121.3486	-35.18585	-9821.975	307200	-5.3644182e-09	834843.7	-0.002061644	-118464.06	1.6607659	0.0029012582	0.020703126	79.0	-215.42981	615.8483	518.21783	2738.752203941345
12	-648.79047	1529.6394	-1.1956892	-9519.854	256.0	0.0	256.0	256.0	-640.8662	874.0056	-54.844543	-8405.496	332800	0.0	1140696.4	-0.0022507263	-168616.56	1.4906343	0.002954355	0.030195313	79.0	-207.2346	597.7023	455.0839	2973.965752840042
13	-673.552	1257.0364	-1.0004466	-6237.59	256.0	0.0	256.0	256.0	-677.3222	1113.4364	-25.740414	-11275.352	358400	1.1920929e-09	922849.94	-0.0024303282	-156075.19	1.6021198	0.0025041096	0.01984375	79.0	-162.92075	681.53235	577.7344	3203.9324095249176
14	-540.5073	993.69727	-1.391553	-6034.4014	256.0	0.0	256.0	256.0	-635.7566	743.939	-77.65204	-6656.422	384000	-7.152557e-09	543024.4	-0.0021886516	-58565.812	1.5548029	0.0025920158	0.018320313	79.0	-114.56903	582.9063	436.62686	3435.843327999115
15	-526.6286	949.46094	-1.1969923	-5787.099	256.0	0.0	256.0	256.0	-543.19714	773.6108	-94.70261	-7133.3267	409600	1.1920929e-09	414529.84	-0.002201078	-53294.938	1.4809266	0.0023783825	0.015195313	79.0	-4.4637804	647.88416	536.7627	3664.576053380966
16	-439.27237	674.7681	-1.1961356	-3459.8745	256.0	0.0	256.0	256.0	-456.27145	540.5774	-53.35977	-6489.3794	435200	3.8743018e-09	274163.84	-0.00266479	-41443.75	1.4268075	0.003110875	0.024609376	79.0	-91.634254	486.5389	368.868	3892.873652458191
17	-449.14764	811.05774	-1.1956892	-4169.209	256.0	0.0	256.0	256.0	-438.88406	508.60492	-110.63819	-4797.8013	460800	-7.152557e-09	363461.88	-0.002119715	-28995.781	1.3831273	0.001726354	0.013710937	79.0	43.08377	570.02966	506.25214	4118.383775234222
18	-403.1432	573.27783	-1.6662164	-3323.0518	256.0	0.0	256.0	256.0	-453.0696	472.6966	-86.25672	-4076.4163	486400	-1.1920929e-09	207740.5	-0.0026185852	-31261.0	1.6602706	0.0024184748	0.018476563	79.0	-92.37951	490.27878	338.92676	4348.796649932861
19	-414.39612	675.17096	-1.1969923	-4099.0713	256.0	0.0	256.0	256.0	-394.61078	421.99185	-121.620026	-4138.44	512000	2.3841857e-09	251931.4	-0.0021182585	-24675.172	1.4681172	0.0023757732	0.013828125	79.0	40.5868	579.92474	467.3789	4571.7418031692505
20	-434.173	648.42865	-1.5487823	-4044.879	256.0	0.0	256.0	256.0	-412.62802	477.9131	-132.68573	-5394.009	537600	0.0	230128.2	-0.0031024711	-18788.406	1.3739884	0.0024875011	0.023828125	79.0	42.184063	672.5263	529.50745	4811.001430988312
21	-432.44547	777.7758	-1.4262524	-5908.6665	256.0	0.0	256.0	256.0	-424.76007	440.21786	-117.80969	-4747.913	563200	7.152557e-09	317089.6	-0.0024141306	-67700.69	1.4592115	0.0024836052	0.020820312	79.0	29.411577	567.58057	489.16324	5021.628638982773
22	-321.55756	367.7064	-1.4185449	-2005.1024	256.0	0.0	256.0	256.0	-379.54504	390.709	-75.38475	-3822.9902	588800	-4.7683715e-09	128755.99	-0.0029751111	-46465.97	1.4219229	0.0019077953	0.016835937	79.0	-10.266484	471.79745	340.6037	5244.283292770386
23	-439.6949	732.9872	-1.9992188	-4024.309	256.0	0.0	256.0	256.0	-343.4382	350.58884	-105.28278	-3804.3003	614400	1.66893e-08	296339.0	-0.0034855248	-77748.55	1.5433698	0.0025575703	0.021054687	79.0	-0.10912082	671.5455	456.70566	5476.279350280762
24	-308.01404	465.09604	-1.0594672	-3113.0295	256.0	0.0	256.0	256.0	-397.3039	449.97238	-72.02592	-3797.5366	640000	-1.1920929e-09	119325.35	-0.0029837633	-28620.164	1.4119072	0.0027411722	0.022539062	79.0	-35.425365	316.7885	288.9309	5707.504644870758
25	-322.9157	550.92096	-1.391553	-4106.1816	256.0	0.0	256.0	256.0	-287.504	332.28482	-93.59545	-4674.371	665600	5.9604646e-09	153599.97	-0.0031339598	-17379.766	1.4141842	0.0028145898	0.019882813	79.0	-28.127779	431.17667	304.66025	5937.269477844238
26	-258.431	406.85693	-1.391553	-2709.4307	256.0	0.0	256.0	256.0	-289.1611	323.7632	-58.94503	-4122.556	691200	6.556511e-09	103208.57	-0.003578574	-19473.547	1.282018	0.0022450231	0.018710937	79.0	-69.50654	244.90994	202.7271	6165.365231513977
27	-334.61398	516.02704	-1.4395843	-2988.7605	256.0	0.0	256.0	256.0	-259.34143	290.35507	-88.19176	-3382.1885	716800	-1.1920929e-08	174594.08	-0.003002845	-27584.64	1.3950559	0.0011682855	0.015234375	79.0	22.372578	570.88434	402.35263	6397.508095741272
28	-419.22986	557.33344	-1.391553	-3306.4575	256.0	0.0	256.0	256.0	-374.06985	399.9683	-128.68588	-3654.216	742400	9.536743e-09	186563.8	-0.0028542208	-17210.64	1.6356375	0.0030144	0.02875	79.0	-11.662763	560.52374	447.14886	6628.338655948639
29	-346.38174	555.85535	-1.5612372	-3739.3335	256.0	0.0	256.0	256.0	-408.59317	412.30072	-138.90038	-3876.7056	768000	0.0	138608.2	-0.0027502412	-18364.805	1.4398798	0.0027997806	0.02421875	79.0	33.62508	513.7417	407.63647	6859.389189004898
30	-374.55777	571.8873	-1.1956993	-4039.5493	256.0	0.0	256.0	256.0	-314.15842	303.32364	-95.20178	-3318.3918	793600	2.3841857e-09	220270.23	-0.0032874155	-42179.312	1.5075848	0.0024589247	0.021289062	79.0	-19.291319	517.6615	371.85983	7096.6764895915985
31	-304.08408	424.37946	-1.1965356	-2714.0972	256.0	0.0	256.0	256.0	-362.90292	380.3957	-69.23582	-5003.3022	819200	-3.5762786e-09	113547.12	-0.0039818357	-24461.336	1.3722833	0.0018663025	0.023203125	79.0	116.51783	516.6511	432.94193	7328.0130887031555
32	-392.46008	648.91223	-1.3678563	-3538.6099	256.0	0.0	256.0	256.0	-342.23785	381.11624	-135.8707	-3464.018	844800	3.5762786e-09	198956.72	-0.0032677439	-32164.156	1.4370118	0.0017239425	0.019921875	79.0	131.67294	777.2351	534.0696	7549.014733552933
33	-322.1999	559.2837	-1.391553	-3191.2068	256.0	0.0	256.0	256.0	-342.19348	406.0721	-123.73123	-3790.128	870400	3.5762786e-09	151415.14	-0.0036526942	-9797.516	1.2832193	0.002954829	0.032890625	79.0	52.71012	475.51266	393.8245	7772.181910037994
34	-420.02606	731.6737	-1.0004466	-3779.3381	256.0	0.0	256.0	256.0	-376.4569	571.7334	-112.463234	-4147.6763	896000	3.5762786e-09	184139.56	-0.002831919	-24111.844	1.290858	0.0024590644	0.023671875	79.0	115.18545	677.78735	559.69104	7995.062190532684
35	-283.76895	439.06882	-1.391553	-2805.0608	256.0	0.0	256.0	256.0	-329.12585	412.01865	-95.13292	-3862.0222	921600	3.8743018e-09	111388.59	-0.0031662583	-20477.273	1.2437587	0.0019203902	0.024921875	79.0	117.21082	451.90875	461.27814	8218.347392082214
36	-410.2491	616.0635	-1.0265714	-3042.2778	256.0	0.0	256.0	256.0	-327.15536	403.14972	-88.17298	-4411.857	947200	8.34465e-09	203135.16	-0.002526566	-20903.203	1.3507683	0.0023601654	0.018085938	79.0	116.701805	714.96423	585.5269	8443.500822544098
37	-277.2995	335.81772	-1.391553	-2037.1924	256.0	0.0	256.0	256.0	-339.53986	304.81522	-81.912315	-3068.5308	972800	-8.34465e-09	74744.0	-0.00316069	-13873.391	1.3420486	0.002298429	0.021835938	79.0	15.282518	394.39774	317.50012	8661.981382608414
38	-357.70197	541.1258	-1.391553	-2822.7117	256.0	0.0	256.0	256.0	-300.35522	293.38092	-109.59319	-2972.2961	998400	-1.1920929e-08	155433.05	-0.0032728314	-19641.469	1.2477602	0.0022128092	0.023359375	79.0	107.20884	599.8772	495.63602	8881.663758039474
39	-306.871	471.66696	-1.0137264	-3160.546	256.0	0.0	256.0	256.0	-327.12872	319.2354	-97.23541	-3343.179	1024000	-4.7683715e-09	127406.8	-0.00413841	-12874.5	1.293008	0.0027934366	0.027851563	79.0	76.22901	481.2852	416.92603	9110.708974838257
40	-311.18723	455.3361	-1.1965457	-2450.9165	256.0	0.0	256.0	256.0	-309.78976	347.72214	-57.37476	-4084.7568	1049600	-4.7683715e-09	131162.88	-0.0032347562	-16297.695	1.2000462	0.0025887422	0.029453125	79.0	55.63436	480.30005	395.02487	9344.581246614456
41	-402.0545	574.8879	-1.383185	-2850.8594	256.0	0.0	256.0	256.0	-341.33743	346.99197	-107.152306	-3023.3833	1075200	-5.9604646e-09	171229.72	-0.0035042076	-26519.156	1.3787329	0.0018096274	0.028789062	79.0	11.648253	680.7381	456.45105	9578.171198368073
42	-306.85522	563.9106	-1.000883	-3465.7322	256.0	0.0	256.0	256.0	-343.94656	388.9596	-139.28662	-3864.7944	1100800	-2.3841857e-09	144653.16	-0.0033132865	-13402.0625	1.2164237	0.0018708542	0.022265624	79.0	77.30487	519.92206	400.11835	9804.277569770813
43	-264.344	327.36795	-1.6916142	-1685.2317	256.0	0.0	256.0	256.0	-267.4705	236.53156	-118.12415	-2931.6843	1126400	-2.9802322e-10	91900.56	-0.0032623273	-14873.898	1.2555904	0.0020599228	0.021757813	79.0	-39.285336	327.1927	239.90938	10034.87159895897
44	-363.74402	603.775	-1.4102353	-4273.604	256.0	0.0	256.0	256.0	-311.9537	353.89062	-129.52914	-3369.6428	1152000	-8.34465e-09	174091.77	-0.0046596723	-34668.72	1.2548066	0.0029984233	0.034570314	79.0	75.634895	596.60223	456.08636	10266.439332962036
45	-283.61646	410.1973	-1.000883	-2249.662	256.0	0.0	256.0	256.0	-320.90045	310.6234	-132.92928	-3615.248	1177600	3.5762786e-09	107783.34	-0.0030554812	-12773.055	1.1647859	0.0018136163	0.01609375	79.0	67.567474	442.9999	385.19724	10493.711788415909
46	-283.41037	386.4828	-1.0004466	-2654.545	256.0	0.0	256.0	256.0	-254.7449	211.99988	-83.68646	-1779.9132	1203200	6.556511e-09	96989.78	-0.0037868596	-10065.148	1.2628202	0.002054714	0.02703125	79.0	89.63396	563.2381	400.49823	10719.841535568237
47	-261.83026	313.03918	-1.0046803	-1650.3289	256.0	0.0	256.0	256.0	-269.62085	230.57475	-118.8856	-2470.7632	1228800	9.536743e-09	70327.234	-0.0035448289	-5245.1953	1.2603	0.0017256424	0.027539063	79.0	-6.0745387	367.66742	301.94046	10937.977612733841
48	-293.6004	402.77695	-1.0463794	-2047.0304	256.0	0.0	256.0	256.0	-276.76956	232.19533	-111.39198	-2535.6724	1254400	-5.9604646e-09	96703.42	-0.00421288	-7778.875	1.2696956	0.002168452	0.03359375	79.0	58.762257	429.25058	381.4106	11161.381091594696
49	-326.79257	447.38376	-1.3981519	-2279.3667	256.0	0.0	256.0	256.0	-315.16074	315.6773	-121.32989	-2785.2966	1280000	-8.642673e-09	110585.75	-0.004047093	-9084.859	1.2769945	0.0024091601	0.026054688	79.0	146.33429	612.1832	537.17596	11386.564549922943
50	-316.51056	389.89563	-1.391553	-2544.797	256.0	0.0	256.0	256.0	-308.03635	270.9988	-116.96849	-2605.5808	1305600	7.152557e-09	71663.02	-0.00408951	-6393.6523	1.3493854	0.0022457605	0.026679687	79.0	141.0666	534.2523	469.06656	11622.30361866951
51	-301.49756	363.23654	-1.1965457	-1977.7849	256.0	0.0	256.0	256.0	-304.2024	268.82355	-128.16145	-3281.3352	1331200	7.152557e-09	86882.36	-0.0031288655	-7164.3906	1.3154126	0.0015225313	0.0203125	79.0	66.7969	477.552	400.32947	11848.953110694885
52	-326.7718	435.0719	-1.391553	-2611.4639	256.0	0.0	256.0	256.0	-311.71228	250.96861	-142.28702	-2710.5935	1356800	4.7683715e-09	116150.86	-0.003549527	-7774.6094	1.2673427	0.0018323504	0.029648438	79.0	33.34113	522.9599	400.14523	12071.861990213394
53	-273.68973	339.69592	-1.4476217	-1640.5381	256.0	0.0	256.0	256.0	-301.89783	227.72205	-126.80774	-2452.4956	1382400	-4.7683715e-09	77760.08	-0.0025167633	-6162.25	1.2095151	0.0018988404	0.01578125	79.0	16.070448	362.57852	319.35397	12291.968534946442
54	-275.4384	340.04642	-1.391553	-2034.6641	256.0	0.0	256.0	256.0	-275.44675	202.02954	-94.11946	-2465.9883	1408000	-5.9604646e-09	78002.734	-0.0030109691	-8392.242	1.2149527	0.001595504	0.018671876	79.0	84.594284	495.91885	412.8894	12521.21626162529
55	-331.41464	434.2347	-1.391553	-2454.7576	256.0	0.0	256.0	256.0	-298.53812	264.16965	-93.45208	-2526.5645	1433600	-1.07288365e-08	103688.97	-0.003042226	-7852.6875	1.3564786	0.0017385618	0.02140625	79.0	60.094173	536.62805	418.37427	12750.042605638504
56	-364.6975	510.7686	-1.6916142	-2227.0205	256.0	0.0	256.0	256.0	-360.3876	360.06714	-126.39668	-3127.624	1459200	3.5762786e-09	116106.31	-0.0036795342	-13218.859	1.2899367	0.0025067003	0.03699219	79.0	154.88446	822.141	538.3229	12981.80107331276
57	-392.35452	534.48914	-1.1956993	-2446.5178	256.0	0.0	256.0	256.0	-359.16782	405.40668	-90.232124	-3117.5054	1484800	-3.5762786e-09	143213.08	-0.0031398523	-12113.125	1.2483455	0.0019403987	0.024179688	79.0	251.0779	761.79193	679.81494	13212.234877347946
58	-310.94583	360.33954	-1.1969923	-2028.7549	256.0	0.0	256.0	256.0	-347.9103	265.487	-106.21359	-2359.4016	1510400	1.07288365e-08	93713.28	-0.0028613734	-14053.469	1.2961572	0.0021636565	0.02734375	79.0	86.30991	583.98755	422.83417	13444.024301052094
59	-268.84344	342.2278	-1.0444609	-2051.461	256.0	0.0	256.0	256.0	-281.95938	218.60332	-99.06269	-2209.4255	1536000	-1.4901161e-09	66659.39	-0.0037395905	-4350.66	1.1683245	0.0018452506	0.027890624	79.0	30.100685	413.7003	327.22858	13673.140961408615
60	-278.62238	434.37204	-1.0004466	-2529.4597	256.0	0.0	256.0	256.0	-280.4122	262.0752	-92.79736	-2703.5366	1561600	7.152557e-09	102844.66	-0.0030138828	-9692.734	1.1601743	0.0023404616	0.026835937	79.0	99.0307	421.29153	410.08765	13909.247738838196
61	-305.4789	330.4123	-1.391553	-1944.5624	256.0	0.0	256.0	256.0	-260.21677	204.79887	-85.825005	-2059.4817	1587200	-1.1920929e-09	76553.26	-0.0036580656	-9796.609	1.2552307	0.0023604725	0.03	79.0	24.78069	514.50464	366.1361	14134.809613227844
62	-364.77762	574.27155	-1.0999082	-3210.386	256.0	0.0	256.0	256.0	-345.96423	374.09393	-144.06754	-3028.5337	1612800	4.7683715e-09	150117.64	-0.0032766869	-19736.21	1.1167483	0.00126918	0.01953125	79.0	218.31908	803.9764	615.70984	14365.208096027374
63	-254.75558	393.95413	-1.4309365	-2478.5898	256.0	0.0	256.0	256.0	-321.83466	355.4793	-104.2758	-3471.0234	1638400	-8.9406965e-10	82619.9	-0.003367636	-16304.695	1.0797344	0.0024725143	0.020742187	79.0	117.814354	443.147	394.76425	14597.32149362564
64	-253.85281	305.5086	-1.000883	-1882.3075	256.0	0.0	256.0	256.0	-242.82095	213.61183	-99.24332	-2930.7646	1664000	1.1920929e-09	66543.01	-0.0030629856	-5445.996	1.0726436	0.0020374372	0.023476563	79.0	71.68625	478.15198	359.97018	14810.084248065948
65	-252.26633	292.9786	-1.0618904	-1473.0469	256.0	0.0	256.0	256.0	-246.83223	143.05159	-83.16515	-2025.4116	1689600	3.2782554e-09	61524.23	-0.0027102395	-11022.074	1.1517738	0.0012370038	0.019765625	79.0	0.740011	383.55762	264.22366	15037.654334068298
66	-269.3837	367.40253	-1.391418	-2396.52	256.0	0.0	256.0	256.0	-279.30353	277.48035	-94.32319	-2721.8284	1715200	2.3841857e-09	62580.746	-0.0032327806	-8609.102	1.1342862	0.0012525246	0.030390626	79.0	106.46443	466.1399	397.95044	15264.301009654999
67	-242.1674	293.5466	-1.0046803	-2256.141	256.0	0.0	256.0	256.0	-231.26065	188.57896	-72.08593	-2729.8777	1740800	1.2516975e-08	55789.99	-0.003596846	-5471.082	1.125896	0.0022349537	0.025976563	79.0	-27.002083	270.79453	227.41376	15486.496741771698
68	-252.49384	309.44193	-1.0248178	-2061.6526	256.0	0.0	256.0	256.0	-249.96854	194.1781	-37.48964	-2382.0417	1766400	-7.152557e-09	62914.355	-0.002976796	-3552.6836	1.1073171	0.002284368	0.021523438	79.0	73.75527	390.6374	373.53372	15706.172485351562
69	-308.38315	424.29538	-1.391553	-2167.1816	256.0	0.0	256.0	256.0	-284.56714	293.50555	-116.83605	-3134.4878	1792000	2.3841857e-09	95108.3	-0.0032159614	-11809.969	1.2113454	0.0017439801	0.019726563	79.0	45.3873	493.16626	377.50513	15929.428666591644
70	-285.11533	391.75574	-1.0466468	-2408.797	256.0	0.0	256.0	256.0	-295.93692	285.5099	-67.66654	-2647.4258	1817600	2.9802323e-09	78886.3	-0.0029889166	-6039.883	1.1344723	0.0015344549	0.01984375	79.0	119.889915	479.48172	455.0953	16165.611095190048
71	-307.39993	420.26538	-1.391553	-2626.329	256.0	0.0	256.0	256.0	-290.06876	267.23157	-98.939514	-2759.4163	1843200	-8.046627e-09	88799.47	-0.0036410221	-13361.375	1.245723	0.002484398	0.028789062	79.0	-3.4009936	454.8701	317.8926	16391.36410164833
72	-358.78168	527.8289	-1.0271901	-3341.5283	256.0	0.0	256.0	256.0	-342.19946	407.38617	-63.31167	-3964.188	1868800	0.0	117210.05	-0.002902416	-18015.438	1.1274778	0.001702501	0.025546875	79.0	208.6808	726.82947	595.6742	16621.246118545532
73	-317.12872	413.5067	-1.6521882	-2436.479	256.0	0.0	256.0	256.0	-320.10858	334.83646	-94.200066	-3010.212	1894400	1.1920929e-09	95456.84	-0.003919522	-11128.422	1.1359015	0.0025235307	0.031132812	79.0	159.24538	631.0228	524.5738	16851.157084941864
74	-232.45593	266.58575	-1.0324602	-1467.1146	256.0	0.0	256.0	256.0	-289.3755	192.18115	-131.3156	-2027.3204	1920000	9.536743e-09	51366.51	-0.0033987272	-8704.711	1.0622708	0.00084168074	0.021914063	79.0	40.55835	377.23093	282.6051	17079.652427196503
75	-251.49072	361.16235	-1.391553	-2389.9973	256.0	0.0	256.0	256.0	-253.91371	239.48257	-93.23226	-2256.3174	1945600	8.9406965e-10	63938.19	-0.0028999727	-6972.5117	1.0985651	0.0017294683	0.021171875	79.0	179.68158	563.9114	457.4612	17309.20178627968
76	-271.66284	404.0443	-1.0004466	-2394.3901	256.0	0.0	256.0	256.0	-245.07733	281.74152	-64.63513	-2720.7646	1971200	-1.07288365e-08	77924.27	-0.0032276702	-8683.164	1.0695854	0.0017694805	0.026171874	79.0	75.5894	621.5088	357.024	17530.125299692154
77	-244.51833	429.82794	-1.1956993	-2470.9656	256.0	0.0	256.0	256.0	-277.12982	334.9788	-96.91259	-2966.2766	1996800	2.3841857e-09	69208.42	-0.0033369488	-5442.211	0.9611459	0.0015674141	0.028945312	79.0	111.318405	516.18445	395.81677	17753.834841489792
78	-241.86337	293.04047	-3.2591186	-2260.0605	256.0	0.0	256.0	256.0	-211.30568	213.50468	-87.28163	-2395.4087	2022400	2.9802323e-09	56721.523	-0.0045542107	-7858.0	1.0808383	0.0017275548	0.035742186	79.0	69.96797	399.55212	346.62958	17977.849047899246
79	-275.97232	380.5391	-1.1965457	-2289.4194	256.0	0.0	256.0	256.0	-258.79172	251.76534	-119.13121	-2812.6743	2048000	-7.152557e-09	74982.17	-0.0031585407	-10424.4375	1.0645394	0.0015908577	0.023867188	79.0	76.47943	469.61072	363.37747	18200.143093585968
80	-281.98602	474.08298	-1.1956993	-2393.978	256.0	0.0	256.0	256.0	-296.7306	378.75708	-73.58157	-2866.2705	2073600	1.1920929e-09	67908.766	-0.0030595427	-6689.961	1.0031683	0.0017351328	0.024765626	79.0	138.42587	555.2573	443.77722	18436.11388516426
81	-254.73016	340.28986	-1.0004466	-2115.7556	256.0	0.0	256.0	256.0	-248.04408	257.723	-87.47546	-2871.3784	2099200	2.3841857e-09	67234.37	-0.003109514	-8454.379	0.9956148	0.002179254	0.029765625	79.0	146.89737	524.6615	413.3301	18647.34758090973
82	-264.03406	340.03418	-1.1961458	-1639.3751	256.0	0.0	256.0	256.0	-261.85358	253.70232	-86.119194	-2174.1042	2124800	3.5762786e-09	70259.76	-0.0034662308	-7145.9688	0.9783292	0.0020775197	0.025820313	79.0	148.04585	537.0571	424.1689	18871.104212522507
83	-299.54224	418.0331	-1.0004466	-2459.255	256.0	0.0	256.0	256.0	-274.17297	250.59041	-86.17757	-1909.2281	2150400	-9.536743e-09	107173.42	-0.0030310357	-16812.602	0.99995536	0.0016963157	0.026367188	79.0	150.80731	588.23724	483.424	19093.594745874405
84	-273.0384	393.0377	-1.1961458	-2621.274	256.0	0.0	256.0	256.0	-288.0986	261.50433	-80.08222	-2771.544	2176000	2.9802322e-10	80811.92	-0.0035369536	-17002.383	1.0580192	0.0029023169	0.02953125	79.0	-10.415474	362.0421	276.14902	19319.99244070053
85	-238.57654	369.07632	-1.6910744	-2192.1975	256.0	0.0	256.0	256.0	-250.71715	270.60266	-80.48697	-3055.0447	2201600	4.172325e-09	70534.87	-0.0029588286	-8806.176	0.9596669	0.0013396321	0.019414062	79.0	56.39623	432.68805	301.89725	19549.103910684586
86	-262.5201	374.90204	-1.1969923	-2386.4465	256.0	0.0	256.0	256.0	-256.6316	278.68466	-64.9899	-2939.7454	2227200	1.1920929e-09	80916.06	-0.0034924822	-14123.656	1.0796385	0.0024516962	0.026328124	79.0	109.13042	421.73233	393.29044	19777.048616170883
87	-283.98972	322.3412	-1.000883	-1362.0066	256.0	0.0	256.0	256.0	-269.78983	249.36662	-81.385025	-2651.5068	2252800	4.172325e-09	79300.58	-0.003083731	-16627.828	0.95228	0.002063462	0.02375	79.0	158.87282	546.4175	485.13382	20008.1935172081
88	-267.27936	412.937	-1.1956993	-2190.5796	256.0	0.0	256.0	256.0	-281.3315	221.42188	-96.43069	-2071.9065	2278400	4.7683715e-09	101797.59	-0.0030620992	-12235.805	0.91486067	0.001182607	0.023789063	79.0	138.34352	498.6731	430.50195	20238.17298436165
89	-292.90894	375.06488	-2.7967372	-2083.1584	256.0	0.0	256.0	256.0	-259.17657	274.78516	-61.049797	-2642.2075	2304000	-7.152557e-09	79232.58	-0.0035624478	-8681.672	1.0236871	0.0024073818	0.0303125	79.0	42.25364	492.43936	357.43457	20468.019032478333
90	-302.51938	426.8495	-1.1956993	-2468.0625	256.0	0.0	256.0	256.0	-306.2365	302.3669	-99.58996	-2426.3662	2329600	-5.662441e-09	76197.77	-0.0032650137	-8447.273	1.0363172	0.0010941897	0.025351562	79.0	104.02221	547.0367	419.424	20705.521960020065
91	-338.53812	452.94104	-1.4158006	-2400.0725	256.0	0.0	256.0	256.0	-343.76746	366.1619	-96.60934	-2824.2603	2355200	-1.1920929e-09	83992.38	-0.002845421	-8787.75	1.0637053	0.0012632076	0.021289062	79.0	158.92625	635.6077	523.09845	20934.564341545105
92	-278.0589	334.4574	-1.1969923	-2186.7861	256.0	0.0	256.0	256.0	-294.59497	282.29004	-54.50037	-2456.3855	2380800	-1.1920929e-09	54779.695	-0.003325199	-8881.715	1.001513	0.001610035	0.025	79.0	147.0668	489.19904	444.07565	21157.537133693695
93	-213.3554	301.31683	-2.161994	-2359.3582	256.0	0.0	256.0	256.0	-243.96274	199.05017	-75.999306	-2772.7593	2406400	-1.1920929e-09	50696.33	-0.0038210172	-6834.5547	0.9298944	0.0019810058	0.029570313	79.0	48.69497	319.9365	282.40488	21376.926927804947
94	-315.6418	499.62848	-1.1956993	-2477.2769	256.0	0.0	256.0	256.0	-284.5933	384.54514	-56.024982	-2987.3457	2432000	-5.9604643e-10	100049.28	-0.0038761646	-12794.758	0.9532642	0.0019278817	0.02921875	79.0	189.38309	611.3086	557.06976	21598.68278813362
95	-255.73885	390.28894	-1.0046803	-2475.2742	256.0	0.0	256.0	256.0	-282.0016	309.6123	4.51478	-2816.3784	2457600	-1.1920929e-09	72878.586	-0.0031313992	-8791.762	0.9487962	0.00073168485	0.025234375	79.0	138.48335	465.534	426.67044	21820.149516105652
96	-230.0517	295.26642	-1.6521882	-1716.243	256.0	0.0	256.0	256.0	-230.73682	218.06424	-71.11336	-2249.4036	2483200	4.7683715e-09	47702.23	-0.0032550239	-7835.9336	0.9372615	0.0003502615	0.0228125	79.0	95.20773	389.7126	345.86816	22037.184927225113
97	-271.05927	397.06277	-1.1961458	-2398.369	256.0	0.0	256.0	256.0	-247.17223	253.10135	-71.05616	-2231.316	2508800	-5.9604643e-10	73092.56	-0.0042758565	-10275.691	0.8858107	0.002209428	0.034804687	79.0	165.85059	653.64655	479.22464	22264.602296829224
98	-289.1153	405.46066	-1.4198517	-2221.672	256.0	0.0	256.0	256.0	-278.88177	323.41745	-97.09385	-2737.9417	2534400	2.3841857e-09	86945.13	-0.0040847966	-9971.148	0.9069885	0.0013929132	0.031445313	79.0	102.820984	506.6216	417.0006	22493.064361810684
99	-280.56006	437.3008	-1.0046803	-2545.7615	256.0	0.0	256.0	256.0	-290.03833	296.6234	-79.20324	-2599.332	2560000	7.152557e-09	87695.43	-0.0027564217	-10506.094	0.8832084	0.0011462951	0.021757813	79.0	95.65868	573.7241	416.8654	22719.44850087166
100	-237.85548	332.55118	-1.0004466	-2382.2944	256.0	0.0	256.0	256.0	-255.2025	253.5968	-69.79731	-2625.947	2585600	2.3841857e-09	57093.227	-0.0037626843	-8767.266	0.9106154	0.0015356452	0.029179687	79.0	81.925446	427.84775	338.60175	22954.32824587822
101	-230.56119	326.582	-1.0004466	-1771.7843	256.0	0.0	256.0	256.0	-232.77869	248.5742	-80.56776	-2794.1687	2611200	-2.3841857e-09	56316.05	-0.0036326253	-7150.1445	0.84894836	0.0019408202	0.02671875	79.0	174.52223	481.32828	433.51917	23183.89786195755
102	-229.71939	268.07617	-1.391553	-1626.7638	256.0	0.0	256.0	256.0	-232.86626	197.75153	-40.97331	-2150.604	2636800	5.9604646e-09	53065.16	-0.0037949933	-7811.379	0.9030102	0.002529128	0.032421876	79.0	58.604603	402.2232	308.53806	23411.92893719673
103	-275.04816	352.64212	-1.1965457	-2397.2358	256.0	0.0	256.0	256.0	-237.34988	188.81068	-53.8325	-1597.0751	2662400	1.1920929e-09	67835.7	-0.0038504268	-19233.848	0.9228649	0.0017638272	0.028671876	79.0	57.38586	408.8453	353.26978	23642.597519397736
104	-245.28398	315.41135	-1.6521882	-1803.0054	256.0	0.0	256.0	256.0	-259.70996	194.17523	-109.188034	-2720.207	2688000	-9.536743e-09	62858.4	-0.0036901056	-10574.8125	0.9338636	0.0017900354	0.0240625	79.0	59.51735	439.51935	325.1184	23871.399619817734
105	-274.2259	382.8394	-1.5612372	-2657.8171	256.0	0.0	256.0	256.0	-257.69382	247.74759	-57.705105	-2126.2302	2713600	1.4305114e-08	67979.55	-0.0031815707	-10874.6875	0.8919056	0.0013933029	0.023476563	79.0	157.78864	592.5583	447.59122	24095.75893831253
106	-285.16165	379.76907	-1.0085759	-2335.1953	256.0	0.0	256.0	256.0	-286.64105	303.44296	-86.16356	-3285.6804	2739200	-3.4272671e-09	79980.93	-0.0038026113	-9902.273	0.8763582	0.0012847395	0.027890624	79.0	146.17181	562.62885	459.31305	24313.583265304565
107	-317.72223	439.86093	-1.0004466	-2743.579	256.0	0.0	256.0	256.0	-290.74997	329.73514	-41.324356	-2730.4856	2764800	1.1920929e-09	84290.56	-0.0033878195	-9480.195	0.9603696	0.0022571094	0.026171874	79.0	131.8219	646.6275	486.6514	24524.738253355026
108	-277.15714	397.00024	-2.1709864	-2139.653	256.0	0.0	256.0	256.0	-307.66653	288.8941	-64.03554	-3007.446	2790400	2.3841857e-09	79296.5	-0.004147291	-13996.359	1.0174812	0.0024024176	0.03453125	79.0	47.846214	510.63733	350.27878	24743.603235721588
109	-293.7658	418.33282	-1.4348757	-2182.843	256.0	0.0	256.0	256.0	-275.38412	287.09952	-0.3550108	-2301.4817	2816000	2.3841857e-09	90038.96	-0.003090489	-13354.578	0.9109851	0.0009371284	0.025820313	79.0	94.44541	581.70056	408.46735	24965.273818731308
110	-285.6962	463.47137	-1.4113386	-2464.6375	256.0	0.0	256.0	256.0	-311.9788	378.3112	-60.600437	-2557.5298	2841600	-1.1920929e-09	111406.34	-0.002929532	-22407.0	0.82613164	0.0013328822	0.021484375	79.0	195.99217	595.1949	511.45615	25203.921906471252
111	-221.14146	249.46268	-1.1956993	-1399.9454	256.0	0.0	256.0	256.0	-234.17682	197.56393	7.1447124	-2422.8704	2867200	-2.3841857e-09	54399.3	-0.004056562	-15320.762	0.8010242	0.0022571736	0.024257813	79.0	31.835106	300.59943	282.39017	25432.52271580696
112	-348.63956	480.7072	-1.4104867	-2465.4656	256.0	0.0	256.0	256.0	-298.58862	342.77185	14.521873	-3069.7861	2892800	7.7486035e-09	107027.56	-0.0035086267	-19206.484	0.90998787	0.0007192947	0.023632813	79.0	274.04614	705.97437	656.99756	25662.107301473618
113	-240.273	324.24927	-1.0004466	-2266.418	256.0	0.0	256.0	256.0	-280.94016	253.91444	-41.967567	-2369.4292	2918400	-8.34465e-09	61175.35	-0.002981463	-7832.0625	0.74696684	0.0017211246	0.0265625	79.0	82.14926	381.61218	352.66827	25893.55067896843
114	-247.92586	391.37186	-1.391553	-1983.9615	256.0	0.0	256.0	256.0	-250.43492	250.02243	-66.63366	-2206.8738	2944000	1.579523e-08	74956.33	-0.002577723	-14701.918	0.7541013	0.0019641884	0.019257812	79.0	175.97923	566.83374	429.7683	26122.59206557274
115	-257.15784	343.42197	-1.1961458	-2405.7	256.0	0.0	256.0	256.0	-249.58875	271.40222	-44.127266	-3245.9575	2969600	-7.7486035e-09	51748.27	-0.0034281786	-8775.863	0.85038346	0.0018695685	0.02421875	79.0	106.39527	455.86395	376.79016	26352.93591094017
116	-261.79236	276.38058	-2.9305992	-1366.4596	256.0	0.0	256.0	256.0	-247.74054	209.61404	-54.927753	-2620.4053	2995200	8.940697e-09	53482.67	-0.0042024083	-9528.184	0.86925215	0.0017514925	0.031132812	79.0	96.29205	441.83554	385.7263	26584.68635225296
117	-384.4245	570.06433	-1.3860723	-2937.3596	256.0	0.0	256.0	256.0	-303.61868	296.40643	-71.98687	-2134.2324	3020800	2.3841857e-09	172258.6	-0.0035088884	-41898.875	0.8239474	0.0023704863	0.031484377	79.0	197.07329	802.1786	620.84906	26814.439064741135
118	-378.79688	606.6104	-1.3905241	-2730.3025	256.0	0.0	256.0	256.0	-406.3684	473.20328	7.058875	-2763.5105	3046400	-2.3841857e-09	114923.0	-0.0031211043	-18078.062	0.89388335	0.0018055028	0.025078125	79.0	273.34085	919.7809	672.8963	27033.694655895233
119	-219.2652	379.491	-1.0223105	-2326.364	256.0	0.0	256.0	256.0	-285.65836	334.86618	-15.694334	-2835.4795	3072000	2.9802323e-09	65237.656	-0.0035661273	-16223.98	0.7806021	0.0014398493	0.026445312	79.0	77.99903	455.11703	311.1953	27250.373627901077
120	-291.32935	444.25107	-1.6521882	-2476.7373	256.0	0.0	256.0	256.0	-251.63199	361.78265	12.914681	-2947.7092	3097600	0.0	89501.78	-0.0031441075	-19422.984	0.83704865	0.0014768743	0.021484375	79.0	172.94037	583.3974	480.78375	27485.01544713974
121	-292.00418	404.45483	-1.0085759	-2399.0002	256.0	0.0	256.0	256.0	-278.75644	330.56528	-24.908087	-2885.2573	3123200	-5.9604643e-10	63039.125	-0.0031814473	-7997.676	0.79355973	0.0012755587	0.019765625	79.0	195.99628	564.0515	507.11816	27708.051167726517
122	-271.23517	357.46902	-1.0448333	-2393.5957	256.0	0.0	256.0	256.0	-274.53308	276.7595	-40.862427	-3079.6182	3148800	1.1920929e-09	60556.95	-0.0028307026	-8540.18	0.7787204	0.0016942299	0.022539062	79.0	64.23455	481.60965	361.15726	27930.65767812729
123	-290.07468	362.34543	-1.0004466	-2240.4812	256.0	0.0	256.0	256.0	-290.31845	290.02353	-1.9305079	-2879.646	3174400	-1.1920929e-09	61837.08	-0.003285012	-7213.918	0.8760491	0.0015932196	0.024882812	79.0	70.89902	491.20172	372.9766	28155.02872633934
124	-328.33063	541.03986	-1.5463699	-2741.3308	256.0	0.0	256.0	256.0	-314.42053	391.815	16.403547	-2849.1147	3200000	-4.7683715e-09	95429.34	-0.0030910207	-14417.367	0.8555331	0.0019213578	0.024570312	79.0	213.66788	698.4631	562.1394	28379.048647880554
125	-188.75574	210.59622	-1.042746	-1025.1547	256.0	0.0	256.0	256.0	-233.92891	170.84755	-18.031542	-2439.8762	3225600	1.1920929e-09	38259.113	-0.0030738246	-13160.488	0.7581858	0.002005514	0.023710938	79.0	45.72752	294.6371	246.58447	28607.41823387146
126	-262.9985	452.69174	-1.4180471	-2470.5635	256.0	0.0	256.0	256.0	-228.29053	294.85886	11.683757	-2399.833	3251200	1.3113022e-08	85924.29	-0.0032934712	-19647.086	0.76258135	0.001901656	0.024453126	79.0	159.15677	596.6301	462.03143	28832.62415456772
127	-245.67119	345.86383	-1.1969923	-2155.287	256.0	0.0	256.0	256.0	-244.03195	304.84113	17.497612	-3450.7195	3276800	5.9604643e-10	73379.75	-0.0036832679	-26481.477	0.8761614	0.002244475	0.027890624	79.0	1.6991916	345.17996	258.09866	29062.514405488968
128	-287.00967	455.933	-1.0039239	-2617.054	256.0	0.0	256.0	256.0	-268.97113	308.66794	-63.575977	-2984.4773	3302400	-5.9604643e-10	95891.62	-0.003395888	-20531.898	0.84004503	0.0017466828	0.025664063	79.0	105.90252	564.1612	409.75668	29293.287977457047
129	-360.09802	528.1191	-1.0046803	-2967.1226	256.0	0.0	256.0	256.0	-328.3273	412.83722	-72.79649	-3113.0925	3328000	-1.1920929e-09	138328.8	-0.0032764925	-23091.25	0.883163	0.0023342757	0.0278125	79.0	167.14432	709.18536	572.9313	29522.263818502426
130	-297.11206	429.1819	-1.4044583	-2395.4824	256.0	0.0	256.0	256.0	-328.5053	362.48218	-3.4627702	-3752.311	3353600	-8.34465e-09	87302.76	-0.0034115338	-22928.387	0.81713086	0.001976099	0.027070312	79.0	148.25201	616.68677	457.93964	29735.338032722473
131	-270.80362	455.45657	-1.0749654	-2410.7664	256.0	0.0	256.0	256.0	-296.25864	335.87933	-43.817917	-2915.283	3379200	1.66893e-08	101430.74	-0.0030754912	-13665.844	0.77402556	0.0020847493	0.022070313	79.0	171.18973	610.6753	476.1095	29958.112513542175
132	-274.54642	408.4552	-1.0004466	-2325.1562	256.0	0.0	256.0	256.0	-252.2006	301.27496	54.668568	-2640.0532	3404800	1.7881393e-09	81441.76	-0.0035495372	-9003.734	0.810401	0.0023728542	0.031171875	79.0	49.14603	530.0605	342.43906	30182.523229122162
133	-291.72064	486.61523	-1.1956993	-2887.7837	256.0	0.0	256.0	256.0	-295.4319	349.29987	30.066576	-2925.724	3430400	6.8545343e-09	87907.03	-0.0035411795	-18308.898	0.84123874	0.0018719116	0.031445313	79.0	107.42331	536.9457	414.03964	30401.74364256859
134	-261.69763	419.82553	-1.0255505	-3017.074	256.0	0.0	256.0	256.0	-252.3484	315.5276	23.995987	-2951.0054	3456000	2.3841857e-09	77157.27	-0.0033240651	-14111.074	0.7804329	0.0018452426	0.03292969	79.0	93.736305	471.6815	386.70718	30625.361526966095
135	-241.30426	333.23434	-1.1956993	-2392.332	256.0	0.0	256.0	256.0	-257.35718	303.83847	-21.832047	-3056.878	3481600	-2.9802322e-10	63493.66	-0.003909412	-19593.855	0.8115464	0.001655646	0.029570313	79.0	67.35425	371.67624	342.53867	30847.291741132736
136	-283.36667	480.01566	-1.3880417	-2972.3938	256.0	0.0	256.0	256.0	-259.72382	307.5269	-11.966773	-3520.5603	3507200	-5.9604643e-10	107343.33	-0.0039301785	-28663.219	0.71552354	0.0020166885	0.030390626	79.0	74.06352	582.33167	370.32288	31069.39470243454
137	-273.02792	415.19266	-1.0004466	-2128.5857	256.0	0.0	256.0	256.0	-274.94226	354.93384	-28.002604	-2697.3386	3532800	5.9604643e-10	97057.3	-0.003725617	-18866.219	0.7316018	0.0015131292	0.025820313	79.0	100.74578	580.4439	407.33878	31298.382892131805
138	-334.3221	474.06924	-1.3887163	-2402.3962	256.0	0.0	256.0	256.0	-312.40515	378.3203	-33.857555	-3105.6262	3558400	6.556511e-09	91027.58	-0.0032199526	-16658.086	0.8250048	0.0025393462	0.028242188	79.0	150.66977	682.2715	535.61383	31527.214089632034
139	-282.97012	363.51035	-1.0039239	-2088.526	256.0	0.0	256.0	256.0	-294.62137	271.2481	-10.080619	-2446.536	3584000	1.1920929e-09	68599.14	-0.0031239963	-8001.7656	0.8198035	0.0023567565	0.026914062	79.0	61.037037	544.234	364.5082	31756.279593229294
140	-241.96895	307.05478	-1.3875711	-1931.8522	256.0	0.0	256.0	256.0	-258.94177	218.72092	18.848944	-2303.0981	3609600	6.556511e-09	54829.26	-0.0036530814	-5401.7305	0.74753165	0.0012317061	0.020820312	79.0	72.787674	457.29922	346.25977	31991.778118133545
141	-280.16788	392.07532	-1.0053252	-2615.0884	256.0	0.0	256.0	256.0	-262.03683	247.72047	-7.239547	-2117.2869	3635200	-4.7683715e-09	80812.48	-0.002919863	-11250.703	0.7357895	0.0010624998	0.022695312	79.0	66.46406	568.45306	396.71057	32216.543439626694
142	-244.9248	333.8976	-1.0064942	-2277.0002	256.0	0.0	256.0	256.0	-268.08176	260.9828	17.214754	-2989.5208	3660800	2.0861626e-09	66668.734	-0.0036611585	-13968.285	0.6965022	0.002083791	0.030117188	79.0	124.78339	438.55368	403.2148	32436.537271499634
143	-308.36987	414.13562	-2.1506252	-2329.6113	256.0	0.0	256.0	256.0	-286.9732	316.75397	-0.8448464	-2877.2302	3686400	1.1920929e-08	87483.49	-0.00369519	-12453.344	0.82448685	0.0023249998	0.030976562	79.0	133.00867	582.7004	478.2778	32661.855018138885
144	-237.5032	362.46204	-1.1956993	-2296.1692	256.0	0.0	256.0	256.0	-257.24316	248.50789	14.480203	-3053.0493	3712000	5.9604646e-09	69229.05	-0.003374821	-12593.457	0.73802483	0.0014180769	0.022851562	79.0	-6.1459246	370.18723	241.55656	32880.82787656784
145	-252.03943	388.28546	-1.0039239	-2229.1802	256.0	0.0	256.0	256.0	-250.52754	265.0597	-44.75033	-2338.3118	3737600	0.0	82287.82	-0.0034260594	-19125.71	0.66518694	0.0013353756	0.023710938	79.0	99.203094	449.05032	367.5402	33102.85663127899
