Epoch	AverageEpRet	StdEpRet	MaxEpRet	MinEpRet	AverageEpLen	StdEpLen	MaxEpLen	MinEpLen	AverageVVals	StdVVals	MaxVVals	MinVVals	TotalEnvInteracts	LossPi	LossV	DeltaLossPi	DeltaLossV	Entropy	KL	ClipFrac	StopIter	ShowRet	SJF	F1	Time
0	-1726.558	926.88385	-318.06375	-4544.25	256.0	0.0	256.0	256.0	0.056178525	0.030599095	0.23403837	-0.09568898	25600	-7.152557e-09	3840322.0	-0.0010558296	-2836764.8	2.9999793	0.0017845365	0.019804688	79.0	-1456.152	333.2918	301.99313	132.24216079711914
1	-2059.8506	948.40796	-290.85608	-4442.3696	256.0	0.0	256.0	256.0	-2075.8179	64.10745	-1671.6028	-2139.8801	51200	-1.1920929e-08	921517.94	-0.00015432834	-180493.44	3.2660651	0.00066319795	0.0	79.0	-1805.5465	295.89124	297.94653	267.38211846351624
2	-2153.33	1003.1486	-230.07076	-5979.93	256.0	0.0	256.0	256.0	-2077.3909	293.18842	-1737.9705	-2793.92	76800	2.3841857e-09	852354.9	-0.001879363	-28396.938	3.2465417	0.003327015	0.038125	79.0	-1886.4491	343.21378	290.9584	402.5109295845032
3	-1641.7979	917.13837	-281.86362	-4675.2007	256.0	0.0	256.0	256.0	-2057.403	366.60397	-1684.976	-3130.9097	102400	-2.3841857e-09	818789.1	-0.0013945807	-184158.5	2.9729953	0.0016424825	0.019023437	79.0	-1374.923	329.1623	299.17966	529.5548079013824
4	-1702.8403	942.51135	-332.8586	-4954.4165	256.0	0.0	256.0	256.0	-1673.4453	450.45175	-1207.0176	-2916.2495	128000	0.0	726741.6	-0.0018780959	-13442.875	3.113316	0.00198966	0.019257812	79.0	-1462.0103	296.91635	277.50427	659.4221189022064
5	-1527.8577	789.6563	-300.12268	-3768.717	256.0	0.0	256.0	256.0	-1680.4374	372.50095	-1327.3126	-2858.551	153600	-5.9604643e-10	514380.3	-0.0017787785	-27217.312	3.1035273	0.002964415	0.014453125	79.0	-1254.9817	326.82666	326.34894	787.2855396270752
6	-1451.0874	663.5273	-205.12431	-4185.6675	256.0	0.0	256.0	256.0	-1528.5454	337.18234	-1198.8279	-2592.211	179200	7.152557e-09	353084.2	-0.0029100233	-9418.781	3.11847	0.0027282508	0.031796876	79.0	-1183.9305	322.4466	315.87726	915.9074327945709
7	-1379.6151	795.274	-192.88278	-4436.2686	256.0	0.0	256.0	256.0	-1450.3126	310.60547	-1169.91	-2461.2095	204800	1.1920929e-08	502793.75	-0.0021588826	-12555.0625	3.0748844	0.0025741833	0.02640625	79.0	-1064.078	363.91202	345.65515	1046.2074234485626
8	-1029.6611	615.24115	-142.88734	-3627.0996	256.0	0.0	256.0	256.0	-1306.8153	305.2054	-1072.879	-2766.856	230400	0.0	341610.0	-0.0016018867	-78760.875	2.8589776	0.0021041606	0.016914062	79.0	-750.8014	333.0522	320.62863	1173.765389919281
9	-921.64954	468.45065	-163.0004	-2270.9265	256.0	0.0	256.0	256.0	-1015.4236	300.67816	-787.13257	-2500.3123	256000	1.1920929e-09	181147.58	-0.0015627998	-14975.266	2.863808	0.0014528147	0.012578125	79.0	-657.072	327.5414	299.6103	1299.3754880428314
10	-775.9719	414.19516	-175.26903	-2043.4019	256.0	0.0	256.0	256.0	-895.4882	197.87373	-729.6577	-2084.0583	281600	-2.3841857e-09	138308.73	-0.003440336	-15236.172	2.7790356	0.0037689132	0.031054687	79.0	-506.74228	318.45554	305.1455	1428.811578989029
11	-756.24023	381.09296	-147.16925	-2078.8882	256.0	0.0	256.0	256.0	-764.88306	198.25055	-588.35565	-1935.3464	307200	5.9604643e-10	105888.93	-0.0018053728	-621.0078	2.8107672	0.0028038826	0.023242187	79.0	-478.68286	347.84476	317.34656	1553.1889054775238
12	-682.05054	375.78326	-182.42305	-1947.3368	256.0	0.0	256.0	256.0	-747.4772	196.42464	-579.44147	-2061.3416	332800	-4.7683715e-09	103465.94	-0.0017724872	-5304.1406	2.7210505	0.0022958394	0.0184375	79.0	-405.4071	329.75473	327.9879	1676.9774329662323
13	-622.9176	310.3421	-126.27954	-1797.3716	256.0	0.0	256.0	256.0	-674.9817	197.21477	-491.86407	-2044.8878	358400	1.1920929e-09	70283.01	-0.0027665317	-3741.1016	2.6423755	0.0034214885	0.02546875	79.0	-367.00992	306.36365	302.32907	1800.947146654129
14	-586.9693	291.8989	-141.16948	-1371.5668	256.0	0.0	256.0	256.0	-620.3713	166.43964	-447.7789	-1765.7634	384000	3.5762786e-09	62686.88	-0.00282902	-1696.6172	2.57811	0.0033196122	0.02890625	79.0	-305.82083	331.33218	315.0474	1924.0263316631317
15	-531.0051	230.32362	-165.97679	-1246.8322	256.0	0.0	256.0	256.0	-572.94714	139.72513	-425.24	-1484.3505	409600	8.34465e-09	44259.51	-0.0017010779	-2896.1172	2.48674	0.0017544478	0.00984375	79.0	-246.14294	331.8877	329.3997	2046.566112279892
16	-459.7208	233.54521	-122.41621	-1433.8037	256.0	0.0	256.0	256.0	-516.5822	97.1299	-387.58643	-1339.6188	435200	1.9073486e-08	40819.035	-0.0024161984	-4709.461	2.4205854	0.0027643293	0.023984374	79.0	-212.08475	286.59888	282.4182	2169.382295370102
17	-437.8523	206.09277	-112.46536	-1288.0825	256.0	0.0	256.0	256.0	-450.15503	115.025276	-321.91605	-1339.1062	460800	1.1920929e-09	32533.68	-0.002195071	-591.4199	2.397957	0.0024480338	0.017148437	79.0	-212.16383	280.39383	261.02823	2291.578096628189
18	-526.65497	281.8361	-161.1184	-1613.8746	256.0	0.0	256.0	256.0	-462.0614	138.55843	-309.4323	-1509.3663	486400	-1.1920929e-08	60952.555	-0.0023171974	-5143.715	2.49654	0.0033881587	0.016757812	79.0	-242.61789	348.49918	325.18942	2414.369283914566
19	-445.45517	247.48213	-118.98238	-1732.045	256.0	0.0	256.0	256.0	-501.26517	116.02474	-329.1191	-1579.2787	512000	5.9604643e-10	48379.914	-0.0022168201	-3535.8945	2.3689153	0.0028835428	0.023710938	79.0	-180.4951	330.89328	301.5716	2538.657707452774
20	-435.0334	217.7929	-101.26999	-1119.4873	256.0	0.0	256.0	256.0	-457.36786	134.9594	-307.23904	-1452.2568	537600	2.3841857e-09	34692.613	-0.0017434811	-1280.6836	2.3269129	0.0029429998	0.024023438	79.0	-161.086	326.42603	306.18307	2664.0307416915894
21	-402.79678	232.19862	-104.022415	-1541.8159	256.0	0.0	256.0	256.0	-420.77246	105.445915	-266.49982	-1405.1946	563200	2.9802322e-10	39782.637	-0.0020149855	-779.35547	2.2966993	0.0018785789	0.015	79.0	-147.3614	308.25394	284.7969	2785.9583144187927
22	-433.17142	201.35649	-111.08597	-1519.1427	256.0	0.0	256.0	256.0	-406.5818	120.13595	-263.26694	-1450.7107	588800	-4.7683715e-09	35541.8	-0.0015793061	-2158.1875	2.2776136	0.0014958499	0.011484375	79.0	-153.02745	337.01743	312.12515	2908.401615858078
23	-428.849	214.08054	-135.09909	-1470.0802	256.0	0.0	256.0	256.0	-433.07803	85.33211	-275.90833	-1293.9225	614400	0.0	34815.727	-0.001596694	-608.4219	2.3014185	0.002503645	0.016132813	79.0	-164.56213	308.89487	309.23816	3031.7750358581543
24	-454.02444	259.8417	-119.3246	-1587.605	256.0	0.0	256.0	256.0	-441.3358	132.06367	-289.32574	-1549.7709	640000	3.5762786e-09	49023.09	-0.0016051698	-456.8711	2.3441133	0.002461701	0.01375	79.0	-182.62314	327.29446	323.4338	3156.077944755554
25	-423.48895	227.24179	-97.36873	-1690.3739	256.0	0.0	256.0	256.0	-440.6115	114.26787	-281.014	-1502.5103	665600	5.9604646e-09	39125.766	-0.0016739189	-402.8672	2.3588998	0.0016514584	0.015625	79.0	-168.43185	319.4727	292.78784	3278.7617905139923
26	-398.9513	189.16826	-141.47157	-1004.76807	256.0	0.0	256.0	256.0	-413.77957	95.72067	-255.62033	-1323.9865	691200	-5.3644182e-09	28906.242	-0.0020936823	-459.41016	2.2366965	0.0024752286	0.01171875	79.0	-133.92685	308.9456	315.77066	3399.1352643966675
27	-395.46243	218.4841	-95.1017	-1276.7246	256.0	0.0	256.0	256.0	-400.1906	92.339676	-275.90735	-1261.6704	716800	2.3841857e-09	34890.37	-0.0020646893	-967.16797	2.2909737	0.0034966907	0.021757813	79.0	-146.26616	296.4726	304.73734	3520.626183271408
28	-396.35156	190.86842	-103.63883	-1055.2385	256.0	0.0	256.0	256.0	-400.2694	121.184616	-246.80833	-1425.361	742400	9.536743e-09	26716.125	-0.0026874822	-660.9844	2.2173913	0.0030291865	0.0409375	79.0	-138.46336	304.27167	290.7793	3643.581713914871
29	-378.72528	221.32564	-56.75983	-1571.7941	256.0	0.0	256.0	256.0	-396.27344	98.119354	-258.88068	-1409.7974	768000	-7.152557e-09	35162.094	-0.0020311438	-1009.15234	2.1917999	0.001460474	0.010390625	79.0	-120.24065	321.217	293.39066	3766.6122674942017
30	-371.71118	226.12024	-63.64355	-1775.711	256.0	0.0	256.0	256.0	-367.14938	119.13533	-209.58044	-1555.9746	793600	-8.34465e-09	35818.67	-0.0013789439	-244.70312	2.1471238	0.0017061075	0.009179687	79.0	-108.3195	334.93347	304.0966	3891.6854181289673
31	-367.21042	224.10732	-106.00412	-1524.3352	256.0	0.0	256.0	256.0	-376.75903	122.024284	-205.81427	-1570.2018	819200	-5.9604646e-09	36127.97	-0.0017238987	-456.9922	2.1160393	0.001697753	0.01734375	79.0	-109.154076	313.46683	291.6808	4013.637148141861
32	-355.39783	186.29105	-93.943474	-1147.3486	256.0	0.0	256.0	256.0	-357.934	104.63467	-212.15791	-1322.8164	844800	-4.172325e-09	22339.625	-0.0022338193	-1195.5703	2.0784357	0.0021363825	0.01671875	79.0	-85.83294	310.18488	307.1693	4134.55072760582
33	-383.3549	232.85857	-112.61769	-1505.4312	256.0	0.0	256.0	256.0	-356.2939	114.395676	-188.1898	-1474.3271	870400	-4.7683715e-09	43099.96	-0.0023154998	-1352.9414	2.037333	0.0035427522	0.03890625	79.0	-111.27302	323.90744	308.32776	4255.446069717407
34	-362.45114	189.50131	-85.484	-952.2958	256.0	0.0	256.0	256.0	-381.6807	104.51922	-227.37813	-1415.7273	896000	7.152557e-09	29526.74	-0.001962136	-1015.5762	2.0277414	0.0020910217	0.017539062	79.0	-104.85917	309.19638	303.2732	4378.340066432953
35	-352.38516	188.96465	-71.34779	-913.30804	256.0	0.0	256.0	256.0	-364.28305	93.99353	-240.09552	-1218.543	921600	-4.172325e-09	26849.357	-0.0021787477	-237.24805	2.032182	0.0021802126	0.023125	79.0	-79.96399	353.9495	312.7948	4500.466386318207
36	-343.7835	155.66116	-100.544205	-1042.7968	256.0	0.0	256.0	256.0	-351.60828	86.0397	-213.31361	-919.9087	947200	-2.3841857e-09	17931.135	-0.0021027632	-238.48047	1.9305054	0.0026778874	0.0178125	79.0	-72.84764	311.3389	317.64343	4621.5023028850555
37	-363.19058	200.43741	-93.15602	-917.15845	256.0	0.0	256.0	256.0	-348.356	98.12897	-230.21945	-1131.6261	972800	5.9604646e-09	28614.658	-0.001903963	-730.9863	1.8852192	0.0034677952	0.023203125	79.0	-72.262825	324.29147	333.0666	4741.297029018402
38	-327.16534	189.89824	-79.464905	-913.5188	256.0	0.0	256.0	256.0	-355.30994	99.528435	-178.42648	-1198.8877	998400	2.3841857e-09	26551.234	-0.0016541242	-1150.6836	1.8589805	0.0017370752	0.011835937	79.0	-85.2552	292.47726	269.41925	4859.107215642929
39	-337.71942	182.07181	-85.1156	-927.5166	256.0	0.0	256.0	256.0	-320.90118	93.04438	-200.82549	-1195.0658	1024000	8.34465e-09	25015.31	-0.0017861343	-658.4746	1.8596665	0.0021626584	0.0128125	79.0	-78.73537	316.4337	300.74484	4981.484205007553
40	-345.13486	184.20244	-103.8456	-936.4803	256.0	0.0	256.0	256.0	-350.45074	110.95755	-224.05247	-1062.9795	1049600	-2.3841857e-09	23548.164	-0.0015864861	-315.76562	1.8748658	0.0024307042	0.019375	79.0	-84.8141	318.67078	293.3209	5106.341794729233
41	-366.91656	213.9372	-81.75466	-1415.6735	256.0	0.0	256.0	256.0	-340.38516	94.05289	-231.25034	-947.5802	1075200	-9.536743e-09	36404.664	-0.0018345511	-1047.2148	1.7808051	0.0031805628	0.021328125	79.0	-88.87021	334.23718	329.59045	5226.796335697174
42	-300.85632	163.55296	-76.74564	-930.5688	256.0	0.0	256.0	256.0	-353.2162	82.873535	-212.28508	-1050.3811	1100800	-5.9604643e-10	21752.756	-0.0017692349	-2929.5918	1.7642719	0.0024134424	0.020820312	79.0	-66.92182	289.2197	271.50882	5343.765865325928
43	-350.95493	179.17516	-90.03594	-891.4282	256.0	0.0	256.0	256.0	-317.57736	98.38529	-189.78432	-890.16815	1126400	-4.7683715e-09	25078.824	-0.0019936538	-1791.2539	1.8218979	0.0019463656	0.012148437	79.0	-70.810684	328.82608	312.90817	5465.452255487442
44	-359.81168	211.81158	-79.09632	-1450.0654	256.0	0.0	256.0	256.0	-350.73868	102.947586	-196.0683	-1128.7075	1152000	1.013279e-08	31141.154	-0.0018414641	-1571.7344	1.8172612	0.0031965864	0.018085938	79.0	-92.120255	311.911	298.6693	5587.830704212189
45	-317.47095	163.58006	-77.00575	-852.34607	256.0	0.0	256.0	256.0	-346.7528	97.618904	-196.92548	-1257.9479	1177600	5.9604646e-09	21693.436	-0.0020755685	-1397.5098	1.8144344	0.0021817246	0.014257813	79.0	-75.51824	312.35876	295.81448	5709.589075803757
46	-380.93124	219.26668	-99.5686	-989.18054	256.0	0.0	256.0	256.0	-339.86493	127.89202	-226.49893	-1085.7227	1203200	9.536743e-09	31320.494	-0.0018028951	-3298.0938	1.8442962	0.0024623356	0.017265625	79.0	-74.98833	343.91577	339.38953	5833.3590133190155
47	-335.81427	192.31195	-100.66582	-1368.5072	256.0	0.0	256.0	256.0	-360.55817	104.543396	-229.11171	-1204.4773	1228800	-4.7683715e-09	26874.824	-0.0018967104	-1297.8496	1.8296237	0.0022694182	0.016875	79.0	-79.17026	317.7432	308.3466	5956.319366931915
48	-339.62204	169.05527	-78.955864	-914.91254	256.0	0.0	256.0	256.0	-341.40112	106.38024	-214.15585	-1111.0618	1254400	0.0	20208.357	-0.0020089364	-559.9785	1.8113906	0.0024515095	0.022578126	79.0	-71.71239	313.40683	301.0639	6080.115349531174
49	-351.61005	192.3291	-90.73756	-948.7839	256.0	0.0	256.0	256.0	-340.82272	103.95355	-206.0255	-1059.844	1280000	-5.9604646e-09	26362.293	-0.0017034293	-355.9004	1.753169	0.0012834418	0.012070312	79.0	-72.7859	325.59958	330.0514	6201.699373245239
50	-324.66647	166.05325	-89.46711	-928.1536	256.0	0.0	256.0	256.0	-349.66266	95.25987	-232.90335	-862.73895	1305600	2.3841857e-09	19271.02	-0.0020052374	-1133.8438	1.7721052	0.000799143	0.01015625	79.0	-60.58282	313.33777	295.49545	6326.290760755539
51	-342.80707	183.15259	-61.369156	-983.3905	256.0	0.0	256.0	256.0	-320.76517	93.611626	-232.9261	-1034.8378	1331200	-7.152557e-09	25809.55	-0.0021449886	-838.80273	1.7711878	0.0010616892	0.021875	79.0	-61.803055	325.73053	318.33093	6447.291590690613
52	-304.4994	183.131	-79.42583	-944.31415	256.0	0.0	256.0	256.0	-337.91296	87.27172	-234.63332	-998.49854	1356800	-2.9802323e-09	25327.455	-0.0015050519	-1502.2852	1.7057384	0.0021466073	0.012929687	79.0	-34.91135	313.88464	288.2088	6569.984657764435
53	-340.8346	196.75842	-88.52004	-1294.3594	256.0	0.0	256.0	256.0	-312.09314	100.631874	-176.58252	-1037.7659	1382400	1.1920929e-09	29694.072	-0.0025876474	-1082.1465	1.7789954	0.0031178826	0.027617188	79.0	-90.84193	291.9263	295.5808	6692.149571418762
54	-287.8081	137.96873	-73.082436	-828.43054	256.0	0.0	256.0	256.0	-322.83975	68.75611	-221.44801	-936.1607	1408000	-8.940697e-09	15675.924	-0.0018475663	-1612.6963	1.665364	0.0024382235	0.024179688	79.0	-66.758255	267.76724	263.27863	6813.12161898613
55	-307.7868	171.96892	-82.802956	-903.0098	256.0	0.0	256.0	256.0	-294.35028	92.73766	-213.66817	-906.1856	1433600	2.9802323e-09	20612.152	-0.0020109667	-426.73047	1.6729873	0.002370609	0.019375	79.0	-58.57218	311.94974	290.08173	6932.019927740097
56	-333.23032	180.37555	-77.94373	-912.9248	256.0	0.0	256.0	256.0	-324.45023	108.83965	-227.27625	-878.1844	1459200	-2.3841857e-09	19854.006	-0.0014407397	-723.7832	1.7325238	0.0022035465	0.0140625	79.0	-54.4093	332.58527	322.45346	7055.875783443451
57	-358.17798	185.218	-84.64436	-903.0882	256.0	0.0	256.0	256.0	-329.78204	113.1369	-215.36311	-1070.4332	1484800	6.556511e-09	24617.994	-0.0016546506	-1223.6582	1.704545	0.0010046731	0.012265625	79.0	-68.382706	345.78638	338.9438	7178.1355991363525
58	-337.9035	185.06145	-59.339527	-900.87573	256.0	0.0	256.0	256.0	-352.98886	95.058914	-252.00848	-925.2511	1510400	-7.152557e-09	25316.87	-0.0015238166	-1141.8945	1.6430429	0.00074090133	0.00640625	79.0	-65.995705	333.0703	311.05032	7299.6263909339905
59	-325.307	188.10158	-60.84806	-965.16504	256.0	0.0	256.0	256.0	-336.10886	101.75335	-232.74089	-1039.5358	1536000	-2.3841857e-09	25286.625	-0.0013441617	-1353.4707	1.6498119	0.0013997171	0.010664063	79.0	-55.663345	302.01215	307.5578	7420.160019159317
60	-329.0086	172.4193	-75.24375	-914.0276	256.0	0.0	256.0	256.0	-328.17523	105.853836	-206.4413	-1031.061	1561600	-1.07288365e-08	20337.982	-0.001564371	-607.9043	1.6403835	0.0025416524	0.014804687	79.0	-62.84623	305.81888	307.3793	7545.785783290863
61	-319.19626	177.8339	-85.35767	-1173.9537	256.0	0.0	256.0	256.0	-323.54526	93.28396	-219.78835	-1014.9418	1587200	0.0	21780.676	-0.0018142737	-870.09375	1.5833297	0.0011569294	0.010234375	79.0	-73.05238	312.73004	280.182	7667.005252599716
62	-281.91257	163.68785	-68.62745	-945.1394	256.0	0.0	256.0	256.0	-310.10614	76.04634	-215.19722	-1078.14	1612800	1.4901161e-08	21851.1	-0.0024802666	-1408.4727	1.561252	0.0021836811	0.03140625	79.0	-55.651924	270.12378	254.8224	7788.423104286194
63	-363.865	217.1722	-87.7747	-1229.1251	256.0	0.0	256.0	256.0	-303.46222	126.05209	-208.7908	-1124.9222	1638400	3.5762786e-09	37772.13	-0.0018751657	-5321.3047	1.6639628	0.0041479156	0.031015625	79.0	-75.7441	342.64923	337.91336	7910.080730199814
64	-331.51465	187.20258	-81.535355	-929.9857	256.0	0.0	256.0	256.0	-357.4508	95.15116	-229.20396	-1103.9171	1664000	-7.152557e-09	27358.885	-0.0014814807	-1765.0195	1.5718716	0.00066720205	0.008945312	79.0	-66.89664	324.77374	293.78317	8030.4765655994415
65	-332.26553	206.64583	-56.883556	-1397.0758	256.0	0.0	256.0	256.0	-336.28513	96.48485	-235.79552	-1133.5323	1689600	1.7881393e-09	30932.195	-0.0016585111	-489.51758	1.5502869	0.0013334228	0.014804687	79.0	-53.93228	341.5227	304.10013	8151.488965034485
66	-304.8763	178.98523	-56.662262	-869.7645	256.0	0.0	256.0	256.0	-313.27142	84.77456	-221.33255	-1061.2826	1715200	3.5762786e-09	24580.197	-0.0020450996	-344.64258	1.4824524	0.0020346486	0.016875	79.0	-63.98396	292.0697	284.52237	8270.447506189346
67	-344.05246	206.47878	-60.27936	-1406.7561	256.0	0.0	256.0	256.0	-323.44522	117.75576	-209.38373	-1070.0128	1740800	0.0	32272.0	-0.0013658953	-1171.1855	1.522109	0.00062192994	0.006796875	79.0	-63.075485	329.37656	314.26147	8391.579597711563
68	-333.518	183.34776	-63.834995	-953.02246	256.0	0.0	256.0	256.0	-341.63925	101.617294	-225.71808	-1030.3689	1766400	-3.5762786e-09	22952.248	-0.0019202261	-604.3457	1.5437438	0.0016098853	0.0165625	79.0	-58.767647	316.52563	301.74216	8513.569213151932
69	-342.36896	224.99948	-57.33215	-1656.7498	256.0	0.0	256.0	256.0	-336.70062	111.36099	-220.61101	-1172.2208	1792000	-2.3841857e-09	37415.062	-0.0014058548	-1734.2383	1.5436509	0.0019971463	0.012851562	79.0	-60.64251	343.40866	315.72467	8635.581984519958
70	-332.45648	171.27843	-56.293198	-927.1653	256.0	0.0	256.0	256.0	-345.27222	113.68826	-221.89276	-1098.5227	1817600	2.9802323e-09	21919.283	-0.001687131	-1675.2637	1.5216008	0.0017993677	0.02046875	79.0	-44.46282	349.74606	316.60632	8759.722178459167
71	-331.87802	191.1531	-71.2322	-941.5984	256.0	0.0	256.0	256.0	-326.51154	85.95886	-223.6573	-946.47345	1843200	0.0	28074.037	-0.0023293984	-612.0078	1.4695703	0.0025700615	0.025820313	79.0	-74.246956	327.09427	309.0126	8880.36654305458
72	-350.46063	203.29776	-66.03305	-941.01935	256.0	0.0	256.0	256.0	-346.577	119.74957	-210.41217	-1107.0631	1868800	0.0	26773.232	-0.0015840578	-991.54297	1.4281763	0.0022389945	0.022578126	79.0	-56.12573	346.13422	332.4178	9001.16794347763
73	-335.18945	226.3253	-70.54378	-1350.3973	256.0	0.0	256.0	256.0	-346.06863	119.27266	-219.72302	-1063.4347	1894400	0.0	33862.74	-0.0014338398	-1057.4141	1.3920853	0.0013860506	0.01109375	79.0	-42.951828	354.5493	320.34097	9120.242238759995
74	-322.40796	190.89464	-51.444134	-901.02026	256.0	0.0	256.0	256.0	-332.9517	126.11066	-196.15239	-1058.0128	1920000	-9.834767e-09	23710.6	-0.00207517	-1476.9844	1.4546022	0.0013289222	0.0190625	79.0	-48.63826	318.5031	301.9557	9242.190825223923
75	-332.96384	170.07344	-75.23047	-910.85254	256.0	0.0	256.0	256.0	-313.06525	107.56196	-198.51396	-1029.0399	1945600	-3.5762786e-09	19958.87	-0.00134251	-776.25	1.473862	0.0011248301	0.009140625	79.0	-64.63871	319.3574	300.55264	9363.321548461914
76	-348.7828	207.22171	-68.30922	-946.7882	256.0	0.0	256.0	256.0	-343.61493	114.64919	-227.15648	-1081.1598	1971200	-1.1920929e-09	29354.86	-0.0018652421	-1013.1836	1.4434891	0.0015107607	0.017304687	79.0	-75.76602	335.59073	315.7574	9485.433391809464
77	-330.10696	182.61197	-76.57142	-914.26385	256.0	0.0	256.0	256.0	-341.87616	108.72851	-220.90999	-1142.6599	1996800	7.152557e-09	22532.965	-0.0017879176	-677.9297	1.4034085	0.002350367	0.016835937	79.0	-74.78707	313.20862	296.173	9606.495273828506
78	-329.2224	163.67192	-57.735176	-753.9651	256.0	0.0	256.0	256.0	-327.55124	86.8432	-196.37886	-980.9337	2022400	-1.1920929e-09	20700.889	-0.0013267267	-612.94727	1.4224	0.0015853017	0.00890625	79.0	-59.897125	322.13367	314.36884	9727.625781297684
79	-320.56693	181.76218	-78.976036	-900.2592	256.0	0.0	256.0	256.0	-331.61484	90.0799	-188.51723	-943.7903	2048000	2.3841857e-09	22457.578	-0.0020170785	-1353.3926	1.4047016	0.0022042203	0.01859375	79.0	-47.09956	344.71182	308.34085	9850.406460523605
80	-323.71222	177.7661	-54.27697	-859.9253	256.0	0.0	256.0	256.0	-317.8	98.63296	-171.0909	-1075.04	2073600	-2.3841857e-09	22967.992	-0.0018872095	-727.11523	1.3334204	0.0016081029	0.0203125	79.0	-68.73386	301.78903	301.46274	9973.562803268433
81	-304.61383	172.4032	-79.47266	-921.9738	256.0	0.0	256.0	256.0	-321.7899	91.60692	-177.30357	-1086.1305	2099200	1.4901161e-09	21581.7	-0.0011914202	-1023.3379	1.3646531	0.0013932389	0.008828125	79.0	-46.964863	326.30273	295.39813	10093.431926727295
82	-324.61365	212.39897	-57.61743	-915.7311	256.0	0.0	256.0	256.0	-310.57254	118.689674	-172.77405	-1110.504	2124800	1.07288365e-08	29388.36	-0.0014500368	-1559.582	1.339421	0.0014734421	0.009960937	79.0	-68.32212	299.96442	309.35986	10214.792160272598
83	-324.85815	153.94153	-77.67387	-813.50507	256.0	0.0	256.0	256.0	-313.57642	90.81404	-154.49124	-1033.9761	2150400	-2.3841857e-09	19216.053	-0.0017420435	-815.5762	1.3661563	0.0022076052	0.0203125	79.0	-63.593204	317.22827	311.90894	10336.825681447983
84	-331.1288	160.42845	-74.50481	-847.2676	256.0	0.0	256.0	256.0	-329.8197	77.93727	-170.73698	-967.17944	2176000	1.1920929e-09	19720.246	-0.001715945	-381.86133	1.3784298	0.0022476492	0.019335937	79.0	-62.954166	325.93524	321.61646	10461.23578453064
85	-306.87198	154.79707	-85.16598	-871.6888	256.0	0.0	256.0	256.0	-325.02975	66.04033	-165.51318	-1013.4808	2201600	7.152557e-09	18908.016	-0.0019358253	-846.3418	1.3512149	0.0019891178	0.014921875	79.0	-39.853268	324.25964	310.98453	10583.91772699356
86	-351.582	205.83806	-85.62928	-1405.9747	256.0	0.0	256.0	256.0	-319.69235	102.41173	-141.44444	-1103.6819	2227200	5.9604646e-09	31829.658	-0.0018500978	-2754.7324	1.3303268	0.0020204715	0.015234375	79.0	-57.334835	350.84875	328.5609	10703.650205135345
87	-327.50128	199.01547	-85.827415	-972.37115	256.0	0.0	256.0	256.0	-347.84854	113.92743	-151.40343	-1100.2552	2252800	5.3644182e-09	26339.932	-0.0016111356	-1638.8008	1.3054467	0.002056303	0.017890625	79.0	-51.949265	331.4146	302.8761	10823.221966981888
88	-317.68665	193.55443	-58.55627	-919.33057	256.0	0.0	256.0	256.0	-328.4541	129.37633	-110.14291	-1088.5815	2278400	-5.3644182e-09	22120.543	-0.0018265796	-833.15234	1.3009883	0.0013815108	0.01578125	79.0	-46.228622	309.12344	310.8805	10945.274747610092
89	-354.7437	200.21721	-71.02763	-923.22375	256.0	0.0	256.0	256.0	-324.35526	126.623375	-117.57921	-1137.5835	2304000	1.4305114e-08	26558.625	-0.0021462284	-1622.3945	1.3320137	0.0014930756	0.01875	79.0	-69.07915	340.20465	333.3185	11067.438758611679
90	-317.21585	176.6546	-62.927177	-908.5517	256.0	0.0	256.0	256.0	-339.89124	99.793465	-122.3917	-1153.242	2329600	4.172325e-09	22105.91	-0.0018649471	-1148.3184	1.29263	0.001903984	0.015898438	79.0	-61.742085	286.42645	291.64905	11187.799986600876
91	-343.4643	208.75691	-88.5735	-1264.9988	256.0	0.0	256.0	256.0	-334.36227	124.39792	-134.64323	-1138.3783	2355200	2.3841857e-09	28102.447	-0.0019741296	-1648.7148	1.3490405	0.0009982047	0.013125	79.0	-62.540916	341.7881	323.06683	11310.959998607635
92	-328.61798	187.12473	-84.90825	-912.1261	256.0	0.0	256.0	256.0	-337.84064	115.780624	-141.45912	-1054.0033	2380800	2.3841857e-09	23719.086	-0.0018159064	-722.6211	1.2952951	0.00089583173	0.014453125	79.0	-55.373974	335.08325	313.20203	11435.893391370773
93	-325.23987	176.69656	-78.55033	-910.38916	256.0	0.0	256.0	256.0	-328.66544	108.58249	-115.90706	-1111.085	2406400	1.4901161e-09	18925.457	-0.0023751743	-1242.0527	1.3150856	0.0022546928	0.019960938	79.0	-50.749954	313.29608	304.08646	11558.870593547821
94	-325.2624	182.33888	-78.6619	-912.5746	256.0	0.0	256.0	256.0	-318.87128	106.45045	-139.65483	-1095.4791	2432000	-1.1920929e-09	21938.242	-0.002064476	-1061.9355	1.2785096	0.001876682	0.0159375	79.0	-59.340893	315.41553	311.63315	11679.339255571365
95	-304.07584	181.79416	-90.93505	-868.1238	256.0	0.0	256.0	256.0	-323.96927	117.10499	-104.448265	-1088.2771	2457600	-2.9802323e-09	22119.305	-0.0018725835	-1303.0254	1.2530445	0.002202469	0.0190625	79.0	-50.697647	292.4935	281.28812	11799.949252128601
96	-320.9026	191.13763	-80.98552	-929.6525	256.0	0.0	256.0	256.0	-306.60132	114.201004	-92.922806	-1089.7188	2483200	4.7683715e-09	22003.83	-0.0014573097	-1227.8145	1.2685573	0.001055765	0.0075390623	79.0	-53.017807	315.43103	304.94012	11922.66535782814
97	-319.52365	188.26784	-54.138157	-917.1156	256.0	0.0	256.0	256.0	-317.28387	105.634926	-113.979904	-1180.5984	2508800	-1.1920929e-08	25155.885	-0.0012224114	-1240.6426	1.2479335	0.0016028094	0.0146875	79.0	-54.57848	322.10223	300.6634	12044.449479818344
98	-309.13486	182.14885	-70.914	-917.031	256.0	0.0	256.0	256.0	-311.24298	104.40754	-110.89815	-1112.8892	2534400	2.3841857e-09	23562.158	-0.0017452305	-812.39844	1.20534	0.0021750387	0.018710937	79.0	-65.29593	298.14197	294.3257	12165.612575054169
99	-280.62225	155.86418	-57.135067	-859.5072	256.0	0.0	256.0	256.0	-303.35895	81.38917	-111.49952	-1057.6855	2560000	2.3841857e-09	18414.064	-0.002053647	-1333.6699	1.2158914	0.0021183162	0.01546875	79.0	-49.212147	298.34482	267.90314	12287.687210559845
100	-305.86212	177.37506	-51.186848	-912.46643	256.0	0.0	256.0	256.0	-291.85516	113.39013	-125.37614	-1102.1934	2585600	2.3841857e-09	20702.697	-0.0014267432	-982.3418	1.1856772	0.0022920123	0.016914062	79.0	-48.110424	308.3722	292.37085	12408.98042678833
101	-342.71033	209.98047	-48.02218	-933.91785	256.0	0.0	256.0	256.0	-315.55185	114.38797	-126.650955	-1090.6425	2611200	-3.5762786e-09	31581.94	-0.0017060983	-1678.6797	1.2468626	0.0015295902	0.01390625	79.0	-56.500004	350.1283	328.34286	12531.395435094833
102	-308.108	178.95618	-69.298676	-903.9421	256.0	0.0	256.0	256.0	-335.10367	110.92656	-107.891266	-1152.5878	2636800	2.3841857e-09	20855.988	-0.0013233494	-1625.9688	1.2382877	0.0015993612	0.012304688	79.0	-45.44122	305.25784	295.58463	12651.841838121414
103	-317.25223	158.4377	-63.640755	-914.0979	256.0	0.0	256.0	256.0	-306.298	93.659546	-119.773544	-1103.8724	2662400	2.3841857e-09	17564.21	-0.001728692	-561.2637	1.2122093	0.0012734593	0.013359375	79.0	-52.599308	332.4982	297.15527	12771.474981307983
104	-313.67938	160.70328	-97.48035	-946.49274	256.0	0.0	256.0	256.0	-311.37112	72.68148	-140.1587	-1099.0077	2688000	4.172325e-09	19353.81	-0.0019621933	-825.3379	1.2099849	0.0019394405	0.01703125	79.0	-43.77492	308.97574	320.56403	12891.595994472504
105	-319.9442	184.23035	-72.87741	-917.0835	256.0	0.0	256.0	256.0	-326.0506	125.7372	-91.453316	-1144.5238	2713600	5.3644182e-09	20512.484	-0.0017020374	-660.791	1.2185074	0.0011157752	0.016601562	79.0	-48.54226	331.6643	297.44772	13008.736843585968
106	-322.72647	195.08694	-51.25154	-918.9063	256.0	0.0	256.0	256.0	-319.91312	123.38939	-97.78152	-1191.8468	2739200	3.5762786e-09	25413.27	-0.0019633793	-832.80273	1.1933783	0.0015783128	0.014140625	79.0	-45.55828	365.82022	314.51358	13127.719331502914
107	-291.99585	155.7274	-76.30559	-922.0432	256.0	0.0	256.0	256.0	-311.74417	90.19243	-143.73741	-1097.6582	2764800	-8.34465e-09	16653.025	-0.0029932547	-1357.04	1.1699768	0.0020141215	0.023984374	79.0	-41.00678	296.08224	328.26788	13249.300491333008
108	-349.17188	208.67554	-65.112335	-1407.5975	256.0	0.0	256.0	256.0	-307.78314	117.948975	-131.43521	-1355.0276	2790400	4.7683715e-09	31228.002	-0.0015863705	-2974.1543	1.2178185	0.0026047325	0.015820313	79.0	-60.543453	352.56985	320.9385	13370.709311962128
109	-288.93518	147.22179	-81.72977	-884.4019	256.0	0.0	256.0	256.0	-335.5592	85.25521	-149.51534	-993.06934	2816000	8.34465e-09	20178.703	-0.002018323	-3999.1729	1.1296453	0.0026953993	0.022265624	79.0	-41.673954	293.7323	284.2765	13492.797008275986
110	-298.81134	165.20378	-59.124256	-938.6706	256.0	0.0	256.0	256.0	-297.10522	83.4043	-144.02875	-983.0578	2841600	4.7683715e-09	18481.71	-0.001471287	-1353.4629	1.1316068	0.0020534482	0.012539063	79.0	-57.66153	296.55838	276.29346	13616.297950744629
111	-323.24768	183.92163	-51.121853	-899.09595	256.0	0.0	256.0	256.0	-300.78143	107.50336	-123.68096	-1025.7257	2867200	1.1920929e-09	23746.973	-0.0014804495	-1649.8379	1.1513416	0.0013791514	0.0109375	79.0	-58.320656	318.7285	305.40497	13739.625176906586
112	-277.92178	150.63599	-78.668945	-856.5207	256.0	0.0	256.0	256.0	-308.28595	86.91921	-141.77296	-992.1267	2892800	-4.7683715e-09	18482.46	-0.0018062639	-2135.0986	1.1051757	0.0020505292	0.015898438	79.0	-44.24011	291.2922	275.40533	13862.515045166016
113	-320.34354	195.85612	-51.45801	-921.5091	256.0	0.0	256.0	256.0	-298.76007	121.33784	-118.42059	-1023.698	2918400	2.9802322e-10	20897.879	-0.0013316057	-2358.4219	1.1406164	0.002346943	0.01484375	79.0	-47.93947	329.70746	309.23102	13982.897022724152
114	-296.19955	180.98845	-55.32287	-920.2807	256.0	0.0	256.0	256.0	-304.7174	112.49337	-103.97887	-1126.4636	2944000	4.7683715e-09	22065.51	-0.0014243716	-987.50195	1.1057605	0.0010840563	0.016601562	79.0	-39.69745	315.75003	282.59497	14104.31702375412
115	-318.8679	152.88976	-68.60763	-835.3867	256.0	0.0	256.0	256.0	-296.73273	87.013504	-130.57437	-1026.1492	2969600	4.7683715e-09	16896.701	-0.0019250726	-1025.6738	1.1713425	0.001929366	0.019296875	79.0	-63.9492	294.61734	313.58386	14227.248546361923
116	-312.1687	168.6631	-59.511185	-837.96326	256.0	0.0	256.0	256.0	-320.58893	86.95424	-147.55649	-996.97406	2995200	5.9604646e-09	20347.666	-0.0017706167	-1244.3574	1.0935558	0.0017344746	0.016210938	79.0	-54.704506	306.86206	297.65814	14349.293942689896
117	-338.22913	187.57727	-82.608376	-901.0134	256.0	0.0	256.0	256.0	-317.61838	109.50106	-130.73509	-1003.7057	3020800	8.9406965e-10	24006.72	-0.0015780014	-1739.3223	1.1666145	0.0017408705	0.014882812	79.0	-49.689087	345.4643	327.68973	14471.17644739151
118	-324.4804	200.46463	-52.961876	-931.06995	256.0	0.0	256.0	256.0	-338.90015	114.97247	-135.84798	-1144.252	3046400	0.0	26361.32	-0.0015358931	-1645.4453	1.1065166	0.0018584189	0.0126953125	79.0	-43.685226	345.58752	314.66788	14591.584484577179
119	-348.23157	210.114	-82.14551	-936.5964	256.0	0.0	256.0	256.0	-333.92255	130.73888	-88.04074	-1016.40533	3072000	0.0	30471.305	-0.0017513132	-2409.9453	1.1339375	0.0012028213	0.013242188	79.0	-67.129944	353.11118	312.43857	14713.534145832062
120	-315.29288	182.43712	-55.058395	-1170.6285	256.0	0.0	256.0	256.0	-337.74945	108.439224	-136.08174	-1250.3938	3097600	2.3841857e-09	22913.865	-0.0017908139	-2203.582	1.1206856	0.0018690991	0.010546875	79.0	-53.85155	297.28998	301.72995	14835.965636491776
121	-322.31625	177.95459	-50.59788	-910.0062	256.0	0.0	256.0	256.0	-327.20596	117.20001	-142.94344	-1068.7576	3123200	-4.7683715e-09	19287.37	-0.0015380954	-898.1699	1.1271855	0.0016863411	0.0126953125	79.0	-59.99901	336.96234	288.4509	14957.106959581375
122	-366.3534	214.46541	-86.117226	-1169.9325	256.0	0.0	256.0	256.0	-328.0234	120.902725	-154.68895	-1171.2792	3148800	4.7683715e-09	30736.164	-0.0014026421	-4363.994	1.1180394	0.0010466218	0.0087890625	79.0	-77.85427	332.19815	351.5564	15081.368483304977
123	-304.23782	194.69989	-50.58617	-1323.3213	256.0	0.0	256.0	256.0	-341.4092	125.15526	-125.0048	-1444.3	3174400	-4.7683715e-09	26694.66	-0.0015249134	-3500.2852	1.134484	0.0018262661	0.013828125	79.0	-57.050323	303.71576	298.21103	15201.577607154846
124	-273.16962	163.91295	-56.272163	-915.2222	256.0	0.0	256.0	256.0	-297.60916	102.605736	-121.10946	-1148.17	3200000	2.3841857e-09	17642.91	-0.0022881054	-1683.7451	1.0769029	0.0026127778	0.019570313	79.0	-39.734528	293.98514	260.29837	15322.927352905273
125	-304.9049	167.4067	-71.60684	-873.00415	256.0	0.0	256.0	256.0	-278.64346	96.75931	-94.60849	-1006.41766	3225600	-3.5762786e-09	20614.863	-0.0018030077	-1673.7227	1.0767579	0.0018125585	0.013164062	79.0	-44.086815	327.91992	298.0823	15444.542963027954
126	-304.64163	173.36731	-52.316128	-907.57434	256.0	0.0	256.0	256.0	-309.25723	114.14197	-89.47452	-1126.6078	3251200	9.536743e-09	19505.73	-0.0015285325	-931.2246	1.1192156	0.0013241905	0.016953126	79.0	-76.1321	266.08813	270.45526	15567.252039194107
127	-357.1145	207.3702	-52.159157	-927.585	256.0	0.0	256.0	256.0	-328.09625	129.5743	-125.607414	-1025.9464	3276800	4.7683715e-09	27330.85	-0.0014849424	-2827.789	1.1255994	0.0015402467	0.015234375	79.0	-60.188915	343.05792	321.55225	15688.022518873215
128	-341.4358	215.61243	-54.26043	-1779.345	256.0	0.0	256.0	256.0	-341.52048	111.82535	-106.60467	-1340.3524	3302400	-7.7486035e-09	31621.725	-0.0017853382	-3582.0352	1.1215564	0.0017695926	0.015585938	79.0	-60.43272	338.78558	320.97964	15810.419919967651
129	-334.33444	179.02249	-59.059444	-897.8429	256.0	0.0	256.0	256.0	-338.44583	111.51075	-117.79866	-1315.9427	3328000	-3.5762786e-09	23418.605	-0.0016032201	-2262.6953	1.073814	0.0011990995	0.012460938	79.0	-65.462105	317.8363	305.9451	15934.277740955353
130	-331.24457	165.0357	-57.00496	-871.2487	256.0	0.0	256.0	256.0	-336.78638	106.53616	-127.95176	-1223.5126	3353600	-4.7683715e-09	21747.607	-0.0019897558	-1816.4316	1.080117	0.001506991	0.014101562	79.0	-60.691193	325.99042	313.55472	16057.948230028152
131	-310.5031	173.66248	-48.609684	-861.58844	256.0	0.0	256.0	256.0	-327.07022	81.40212	-153.70012	-942.31067	3379200	4.7683715e-09	21733.943	-0.0013799858	-1641.0449	1.1084387	0.0019387184	0.01265625	79.0	-54.359947	308.8458	303.52753	16181.48798251152
132	-313.24152	183.45354	-75.49937	-900.86694	256.0	0.0	256.0	256.0	-313.5614	106.407936	-91.41254	-1004.7101	3404800	4.172325e-09	21364.025	-0.002129217	-1147.7383	1.0812355	0.0018800235	0.017734375	79.0	-52.004025	319.02173	317.27133	16302.611649990082
133	-309.02274	174.30342	-46.671276	-917.53864	256.0	0.0	256.0	256.0	-315.94547	119.30277	-93.60411	-1102.0387	3430400	-1.4901161e-09	19638.918	-0.0018131429	-981.3574	1.0499307	0.0019761436	0.014921875	79.0	-47.586426	322.22842	280.07755	16424.450311660767
134	-275.2131	163.15929	-68.183556	-858.7541	256.0	0.0	256.0	256.0	-291.08862	86.78122	-97.351425	-1054.0645	3456000	7.152557e-09	18920.838	-0.0021144177	-1235.5781	1.0584106	0.0023779103	0.02203125	79.0	-46.61978	279.06238	276.87836	16545.410485506058
135	-323.98434	189.59526	-68.23163	-950.5168	256.0	0.0	256.0	256.0	-292.72983	113.035095	-74.96401	-1103.2528	3481600	0.0	26314.074	-0.00156443	-3554.461	1.0761352	0.0024295675	0.020273438	79.0	-52.2874	333.8248	305.62146	16667.363894462585
136	-298.32108	169.90846	-58.055016	-912.4451	256.0	0.0	256.0	256.0	-319.1039	105.87258	-86.499664	-1198.4613	3507200	7.152557e-09	18650.93	-0.0014932608	-1712.1953	1.0491675	0.0015352428	0.010625	79.0	-34.470932	321.86584	306.931	16788.811173915863
137	-348.10202	200.85283	-53.297	-915.7912	256.0	0.0	256.0	256.0	-318.7296	130.93979	-80.91402	-1066.4064	3532800	0.0	25673.14	-0.0013518649	-2207.3262	1.0535579	0.001365171	0.011796875	79.0	-67.43402	344.63937	312.49194	16911.599191904068
138	-290.19638	167.4174	-79.331184	-916.43335	256.0	0.0	256.0	256.0	-325.69232	106.328835	-95.15105	-1063.5035	3558400	-1.1920929e-09	19370.432	-0.0018030072	-2449.7324	1.0228006	0.0017264549	0.015820313	79.0	-42.577652	293.05905	286.80884	17032.504933595657
139	-329.66168	203.91837	-59.89603	-920.60956	256.0	0.0	256.0	256.0	-307.82486	133.85886	-85.14196	-1095.351	3584000	4.7683715e-09	25275.79	-0.002108059	-1322.6113	1.0234542	0.002215646	0.019335937	79.0	-67.03039	310.855	310.83398	17152.62935233116
140	-329.93063	200.88525	-81.25952	-921.63574	256.0	0.0	256.0	256.0	-329.64575	133.38042	-98.23935	-1040.6632	3609600	2.3841857e-09	23524.375	-0.0014114392	-1439.0449	1.0134091	0.0014437792	0.012578125	79.0	-61.123814	316.9575	306.9556	17277.941226005554
141	-323.98862	203.6346	-78.10359	-918.328	256.0	0.0	256.0	256.0	-331.54712	121.66222	-126.11217	-1073.6552	3635200	2.9802323e-09	26381.69	-0.0016483444	-2623.3691	1.0084753	0.0015236607	0.0171875	79.0	-59.401196	320.10556	296.7489	17399.68119239807
142	-316.24744	158.56558	-93.5948	-912.90375	256.0	0.0	256.0	256.0	-320.00998	117.220375	-96.01161	-1092.1414	3660800	8.34465e-09	19501.36	-0.0019449759	-3756.247	1.0395745	0.0023682117	0.019648438	79.0	-50.14931	318.4482	323.7204	17521.130755662918
143	-379.70532	206.78592	-79.22684	-929.7199	256.0	0.0	256.0	256.0	-341.05078	129.01677	-135.63759	-1021.62946	3686400	-4.172325e-09	29510.12	-0.001592898	-4256.629	1.0322921	0.001665805	0.016757812	79.0	-53.77026	388.27444	358.80984	17641.24945950508
144	-326.36288	224.10425	-56.692307	-920.5004	256.0	0.0	256.0	256.0	-369.75018	140.49507	-116.89984	-1081.935	3712000	7.152557e-09	28989.824	-0.0013716649	-3883.455	1.0109085	0.0018486973	0.015078125	79.0	-41.28803	352.8518	323.4816	17762.456434249878
145	-305.0849	179.32608	-80.37414	-917.54474	256.0	0.0	256.0	256.0	-307.08124	114.608826	-84.00834	-993.63995	3737600	4.7683715e-09	21500.037	-0.0010800028	-1511.4961	1.0055889	0.0011594001	0.0073046875	79.0	-53.087467	310.08752	304.99585	17883.37168598175
146	-311.80048	193.43466	-55.281403	-1359.1825	256.0	0.0	256.0	256.0	-307.61536	113.93475	-95.22425	-1402.4591	3763200	-1.2814999e-08	23732.506	-0.0016523245	-2070.9355	1.0090021	0.0021221237	0.01640625	79.0	-54.06642	325.46375	304.07913	18005.0933406353
147	-302.19513	168.77855	-61.4249	-917.8551	256.0	0.0	256.0	256.0	-308.56897	118.43186	-85.19048	-1293.7021	3788800	3.5762786e-09	18727.31	-0.0013121135	-1358.9805	0.9903958	0.0015922451	0.00890625	79.0	-46.16473	300.1925	301.6836	18126.559329509735
148	-340.17157	178.04678	-76.54296	-918.6085	256.0	0.0	256.0	256.0	-310.62766	111.50829	-89.26459	-1148.1082	3814400	-2.3841857e-09	20208.6	-0.0018296791	-1743.4121	1.0234196	0.0015456824	0.017304687	79.0	-51.339176	332.40805	328.32642	18249.266862630844
149	-307.6049	168.1948	-52.621433	-819.286	256.0	0.0	256.0	256.0	-330.6445	95.32439	-133.85298	-1026.601	3840000	3.5762786e-09	20717.637	-0.0016299784	-2145.4863	1.0015042	0.0012478366	0.014375	79.0	-61.203197	287.70364	292.8681	18369.5336728096
150	-330.00653	190.27509	-69.03061	-908.0134	256.0	0.0	256.0	256.0	-320.1127	116.2461	-107.28062	-1050.5448	3865600	3.5762786e-09	23673.15	-0.0018449432	-2211.8398	0.99459344	0.0011926156	0.013554688	79.0	-60.6743	338.54962	315.4206	18488.15567135811
151	-336.82898	205.92046	-60.659195	-931.9488	256.0	0.0	256.0	256.0	-331.2556	125.754326	-125.60446	-1166.8536	3891200	4.7683715e-09	27611.25	-0.0016319609	-2118.7559	0.9800375	0.0019297643	0.019375	79.0	-59.227867	321.91513	321.19766	18609.491821050644
152	-284.0441	172.04579	-68.73371	-1169.8428	256.0	0.0	256.0	256.0	-313.50275	97.85816	-101.04192	-1235.8838	3916800	-1.1920929e-09	20704.234	-0.0017668318	-2845.7285	0.97341204	0.0012099827	0.011171875	79.0	-49.274403	272.66135	262.04187	18730.853759288788
153	-296.76843	155.04709	-57.919937	-854.3683	256.0	0.0	256.0	256.0	-289.3103	104.04957	-97.72286	-1024.0259	3942400	-1.7881393e-09	18155.432	-0.0016529873	-1737.5273	0.9300711	0.002287664	0.015546875	79.0	-50.274384	315.8815	287.13205	18851.1870906353
154	-332.2324	212.97148	-63.05996	-908.23944	256.0	0.0	256.0	256.0	-311.42477	118.75442	-98.22451	-1052.8334	3968000	-2.3841857e-09	26884.494	-0.0016626251	-2556.92	0.9924376	0.0012503765	0.013007812	79.0	-44.863262	343.00165	324.04538	18973.879734277725
155	-314.65814	200.23328	-78.1904	-912.4277	256.0	0.0	256.0	256.0	-325.254	134.39833	-101.28559	-1213.6284	3993600	4.7683715e-09	24402.928	-0.0014206648	-1390.2773	0.99759203	0.00042553217	0.008398438	79.0	-41.96929	323.45416	310.10428	19095.361783266068
156	-328.51364	183.2009	-53.06747	-941.3514	256.0	0.0	256.0	256.0	-323.1064	120.78961	-92.61523	-1146.2506	4019200	-4.7683715e-09	21001.793	-0.0017544914	-1902.2051	0.9889422	0.0017673556	0.015	79.0	-45.424576	345.2944	326.8493	19217.748832464218
157	-329.85403	179.05678	-72.45186	-936.9448	256.0	0.0	256.0	256.0	-323.50842	104.28395	-122.52135	-1117.1182	4044800	0.0	20502.81	-0.0016623617	-1772.6914	0.9482605	0.0014225702	0.011484375	79.0	-42.44099	349.63123	319.20734	19339.865605831146
158	-318.1265	168.5338	-88.825	-893.0316	256.0	0.0	256.0	256.0	-320.455	104.1631	-101.7438	-1114.5679	4070400	3.5762786e-09	19249.527	-0.001285615	-1822.0039	0.9312054	0.0008944348	0.0115625	79.0	-54.73734	308.52133	297.08157	19461.27460861206
159	-317.41428	206.77663	-54.145973	-942.08777	256.0	0.0	256.0	256.0	-328.09976	131.32697	-102.06472	-1216.8617	4096000	2.9802322e-10	25155.31	-0.0015553866	-2023.7734	0.9609805	0.0017934563	0.015429688	79.0	-53.965126	321.96735	306.4375	19582.15909910202
160	-315.87408	160.99608	-74.20444	-906.21985	256.0	0.0	256.0	256.0	-311.25412	108.14623	-106.20912	-1117.5552	4121600	3.5762786e-09	18789.854	-0.001913395	-1704.3359	0.9144609	0.0019210955	0.017460937	79.0	-49.263763	320.7254	299.04053	19705.547396183014
161	-290.7241	134.84407	-53.18	-817.6246	256.0	0.0	256.0	256.0	-312.11194	80.40025	-125.816666	-934.3583	4147200	4.7683715e-09	14287.5625	-0.001458112	-1726.1738	0.87517947	0.0008479072	0.00984375	79.0	-32.58934	311.03473	298.1488	19828.866092681885
162	-331.1249	194.32393	-79.91184	-907.21344	256.0	0.0	256.0	256.0	-305.49612	100.88382	-105.56597	-1040.0424	4172800	4.7683715e-09	25121.79	-0.0013633108	-2661.254	0.93014723	0.00089961407	0.010351563	79.0	-64.030106	310.96872	310.2203	19951.399718284607
163	-316.5912	171.49963	-57.009052	-908.7159	256.0	0.0	256.0	256.0	-326.025	115.59746	-100.406815	-1041.3932	4198400	9.536743e-09	19944.521	-0.0014614963	-2123.3574	0.9647659	0.001167611	0.012890625	79.0	-52.86511	315.3357	303.57602	20072.80420565605
164	-296.24173	163.52536	-61.07344	-914.80133	256.0	0.0	256.0	256.0	-316.79013	108.36174	-99.753006	-1082.1633	4224000	0.0	16944.734	-0.0014904487	-2006.7656	0.9451247	0.0008221519	0.014765625	79.0	-33.191494	343.94974	298.19583	20195.841315984726
165	-324.8728	174.08339	-52.208958	-925.6395	256.0	0.0	256.0	256.0	-303.3516	106.3804	-97.953865	-1032.3245	4249600	4.7683715e-09	19146.984	-0.0015485573	-1540.125	0.9070833	0.0013135133	0.015273438	79.0	-47.74948	332.77515	313.17596	20316.954365968704
166	-341.27368	163.4532	-86.34142	-906.54987	256.0	0.0	256.0	256.0	-332.74472	107.67791	-134.56206	-1105.3461	4275200	1.66893e-08	16582.52	-0.0021152187	-1892.335	0.8843198	0.002945157	0.02671875	79.0	-55.844273	331.20563	327.69815	20438.391523122787
167	-291.9371	168.07184	-76.905075	-892.9199	256.0	0.0	256.0	256.0	-320.79987	94.84905	-125.21427	-987.0567	4300800	-3.5762786e-09	19007.775	-0.0017148996	-3023.7725	0.9211608	0.0017407213	0.018789062	79.0	-38.014355	308.3371	284.47388	20559.914168834686
168	-302.50906	180.28288	-73.8663	-915.76746	256.0	0.0	256.0	256.0	-298.68646	131.71857	-79.318016	-1153.0792	4326400	7.152557e-09	18088.277	-0.0017310488	-1746.8096	0.91647476	0.0018301237	0.015	79.0	-43.434036	306.5245	285.23727	20682.117462158203
169	-309.21835	158.75267	-57.27801	-793.569	256.0	0.0	256.0	256.0	-303.32767	102.116005	-111.09478	-1035.1404	4352000	0.0	17140.752	-0.0015077889	-1500.9248	0.91187865	0.0012144365	0.014765625	79.0	-52.66234	327.5922	294.23068	20804.332698106766
170	-313.15268	174.29768	-67.41641	-932.58215	256.0	0.0	256.0	256.0	-308.89374	105.46739	-86.89532	-1063.7074	4377600	-5.3644182e-09	18580.293	-0.0016472638	-1291.0039	0.88622785	0.0014676788	0.011835937	79.0	-51.55837	317.63263	310.49084	20929.070350170135
171	-318.42233	184.95811	-58.618187	-918.5553	256.0	0.0	256.0	256.0	-316.09482	122.36224	-94.09593	-1151.5851	4403200	-1.1920929e-09	20767.701	-0.0015026784	-1240.584	0.89134043	0.0025635671	0.024609376	79.0	-53.238182	305.85544	314.1809	21050.223804712296
172	-275.19193	146.50233	-65.56501	-939.82385	256.0	0.0	256.0	256.0	-302.64108	82.86377	-117.26342	-1020.05255	4428800	-4.7683715e-09	16915.525	-0.0023113156	-2152.8574	0.8574306	0.0019749878	0.024023438	79.0	-49.911064	293.21402	263.0483	21172.142498254776
173	-310.5495	167.52641	-50.500225	-917.0802	256.0	0.0	256.0	256.0	-288.9644	100.08445	-115.4529	-1198.526	4454400	2.3841857e-09	17399.117	-0.001601156	-2526.3955	0.9004342	0.0010572035	0.011601563	79.0	-53.358124	311.9927	280.97293	21294.70968556404
174	-307.32928	161.282	-64.22236	-873.13214	256.0	0.0	256.0	256.0	-307.35892	103.153564	-94.91674	-1012.6213	4480000	5.9604643e-10	17468.574	-0.0018209695	-1627.5693	0.88859576	0.0016118034	0.01984375	79.0	-55.9739	303.91074	294.99197	21414.200362205505
175	-356.28043	192.5893	-79.58067	-903.7673	256.0	0.0	256.0	256.0	-326.81644	126.26113	-90.73905	-1195.9836	4505600	7.7486035e-09	23547.607	-0.001422397	-3503.3457	0.89202744	0.0020616064	0.014375	79.0	-56.114304	360.37137	342.64664	21536.12973165512
